2708 7123
0 1 0.99
0 2 0.99
0 3 0.3
0 4 0.99
0 5 0.99
6 7 0.73
6 8 0.58
6 9 0.72
6 10 0.32
6 11 0.72
6 3 0.51
6 12 0.83
6 13 0.8
6 14 0.77
6 15 0.32
6 16 0.83
6 17 0.53
6 18 0.33
6 19 0.33
6 20 0.93
6 21 0.74
6 22 0.33
23 8 0.63
23 24 0.99
23 25 0.99
23 26 0.99
23 27 0.99
23 28 0.99
23 29 0.99
23 30 0.99
31 32 0.99
31 33 0.99
31 34 0.99
31 35 0.55
31 36 0.78
31 37 0.93
31 38 0.58
31 39 0.7
31 40 0.36
41 18 0.4
42 43 0.64
42 44 0.99
45 46 0.99
45 47 0.73
45 48 0.6
49 50 0.83
43 51 0.38
52 53 0.63
52 54 0.34
52 55 0.81
52 3 0.72
52 56 0.72
52 57 0.6
52 58 0.5
52 59 0.34
52 60 0.51
52 61 0.99
52 62 0.95
52 63 0.47
52 64 0.72
52 65 0.63
52 66 0.95
52 67 0.6
52 68 0.6
69 70 0.3
69 71 0.98
69 72 0.53
73 74 0.99
75 76 0.99
75 77 0.97
78 79 0.54
78 80 0.82
78 81 0.42
78 82 0.33
78 83 0.54
78 84 0.99
78 85 0.94
78 86 0.96
78 87 0.99
78 88 0.97
78 89 0.99
78 90 0.54
91 92 0.31
91 93 0.32
91 94 0.65
91 95 0.34
91 96 0.34
91 97 0.34
91 98 0.34
91 67 0.43
91 99 0.34
100 101 0.3
102 103 0.99
104 105 0.99
104 106 0.99
104 107 0.99
108 109 0.99
108 110 0.73
108 111 0.99
108 112 0.89
113 114 0.93
113 115 0.51
113 116 0.5
113 11 0.57
113 117 0.34
113 118 0.28
113 119 0.97
113 120 0.99
113 61 0.56
113 50 0.99
121 122 0.99
123 124 0.33
123 125 0.53
123 126 0.33
123 127 0.53
123 128 0.33
129 130 0.77
129 131 0.37
129 132 0.84
129 133 0.98
129 134 0.98
114 8 0.94
114 9 0.94
114 135 0.99
114 136 0.99
114 137 0.99
114 51 0.99
114 138 0.54
114 139 0.99
114 140 0.92
8 141 0.77
8 9 0.94
8 142 0.96
8 54 0.37
8 11 0.94
8 135 0.99
8 136 0.94
8 143 0.29
8 44 0.71
8 144 0.58
8 145 0.29
8 16 0.61
8 137 0.99
8 51 0.99
8 146 0.54
8 147 0.32
8 138 0.99
8 148 0.93
8 149 0.49
8 150 0.78
151 152 0.82
153 154 0.3
153 155 0.29
153 156 0.3
153 157 0.3
158 54 0.39
159 160 0.99
161 55 0.98
161 3 0.29
161 162 0.99
161 18 0.29
163 164 0.67
163 165 0.99
166 167 0.99
166 128 0.48
168 169 0.99
170 18 0.33
171 172 0.29
171 173 0.4
174 175 0.39
174 176 0.29
174 177 0.39
174 178 0.29
179 180 0.83
181 182 0.84
181 183 0.97
181 184 0.97
181 185 0.97
181 186 0.63
181 187 0.98
181 188 0.39
181 189 0.98
181 190 0.97
181 191 0.94
192 193 0.99
141 194 0.99
141 195 0.89
141 196 0.99
141 148 0.99
197 198 0.29
199 8 0.73
199 142 0.58
199 200 0.99
201 202 0.7
203 204 0.99
203 56 0.36
203 205 0.77
206 207 0.42
206 208 0.3
206 209 0.99
210 211 0.99
210 53 0.64
210 212 0.99
210 56 0.99
210 213 0.64
210 214 0.99
210 215 0.99
210 216 0.99
210 61 0.56
217 218 0.74
217 219 0.97
217 106 0.4
217 220 0.88
221 57 0.67
221 61 0.99
222 223 0.8
224 225 0.48
226 227 0.97
226 228 0.8
226 229 0.82
226 230 0.77
226 3 0.4
226 231 0.98
226 232 0.97
226 233 0.82
226 234 0.29
226 235 0.82
226 236 0.3
226 18 0.4
226 237 0.98
226 238 0.98
226 239 0.97
226 240 0.98
226 241 0.97
242 56 0.3
242 243 0.98
242 184 0.29
242 244 0.84
242 245 0.85
246 142 0.98
246 247 0.97
248 249 0.67
248 250 0.99
248 155 0.99
248 57 0.67
9 142 0.94
9 251 0.66
9 11 0.83
9 252 0.99
9 135 0.99
9 162 0.84
9 253 0.87
9 254 0.94
9 51 0.99
9 138 0.43
9 255 0.99
9 140 0.93
9 256 0.94
9 257 0.99
142 114 0.94
142 258 0.99
142 11 0.33
142 252 0.99
142 135 0.99
142 259 0.28
142 162 0.83
142 253 0.28
142 137 0.66
142 254 0.94
142 51 0.99
142 147 0.32
142 255 0.82
142 260 0.28
142 261 0.88
142 262 0.29
142 257 0.99
142 263 0.29
264 265 0.98
264 266 0.99
267 57 0.64
267 268 0.99
269 8 0.35
270 222 0.31
270 3 0.63
271 272 0.28
273 274 0.32
275 276 0.35
275 277 0.3
275 56 0.44
275 117 0.5
275 57 0.72
275 144 0.33
275 278 0.68
279 114 0.81
279 8 0.82
279 9 0.64
279 11 0.64
279 280 0.97
279 281 0.99
279 282 0.99
279 64 0.34
279 257 0.97
279 283 0.99
284 285 0.4
286 287 0.77
154 250 0.77
154 288 0.29
154 285 0.4
154 289 0.29
154 290 0.29
291 31 0.49
291 292 0.99
291 293 0.99
291 57 0.56
291 294 0.99
291 295 0.61
291 296 0.99
291 156 0.64
291 297 0.97
291 298 0.3
291 299 0.97
291 300 0.77
291 301 0.99
291 302 0.99
291 303 0.34
304 305 0.88
304 306 0.99
304 307 0.5
304 308 0.84
309 310 0.83
309 311 0.33
309 312 0.98
309 64 0.32
313 314 0.29
315 142 0.34
315 316 0.34
315 317 0.34
315 155 0.32
315 318 0.45
315 319 0.45
315 18 0.45
315 320 0.36
315 208 0.45
315 321 0.82
315 256 0.98
322 323 0.96
324 325 0.87
324 326 0.99
324 327 0.97
324 328 0.99
324 329 0.96
324 330 0.99
324 331 0.96
324 332 0.99
333 334 0.99
335 336 0.99
335 337 0.87
335 338 0.97
335 339 0.98
340 341 0.87
340 342 0.99
340 343 0.44
340 344 0.64
340 345 0.64
340 346 0.87
340 347 0.99
340 348 0.51
349 53 0.77
349 56 0.92
349 350 0.29
349 65 0.3
249 351 0.39
249 352 0.98
249 353 0.39
82 272 0.94
82 354 0.99
82 218 0.94
82 355 0.97
82 356 0.99
82 357 0.72
82 358 0.94
82 359 0.99
1 2 0.97
1 4 0.99
1 5 0.99
1 360 0.86
361 362 0.94
250 363 0.99
250 364 0.3
250 365 0.99
250 366 0.96
250 367 0.94
250 368 0.74
250 369 0.88
370 371 0.7
370 249 0.59
370 57 0.94
370 372 0.59
373 374 0.99
375 376 0.29
375 377 0.3
375 378 0.39
375 379 0.8
375 380 0.39
375 38 0.3
381 317 0.3
381 382 0.4
381 205 0.3
383 384 0.29
383 236 0.3
385 386 0.42
387 388 0.32
389 390 0.97
389 115 0.97
389 391 0.94
389 392 0.68
389 393 0.94
389 394 0.55
389 395 0.97
389 396 0.76
389 397 0.89
389 398 0.76
389 399 0.97
389 400 0.76
389 198 0.94
389 401 0.68
389 402 0.93
389 403 0.94
389 404 0.97
389 405 0.76
389 406 0.97
389 407 0.9
389 408 0.97
389 409 0.97
389 410 0.93
389 411 0.97
389 412 0.48
413 414 0.39
413 137 0.29
413 298 0.74
413 38 0.29
415 416 0.32
415 417 0.51
415 11 0.86
415 3 0.51
415 12 0.32
415 59 0.68
415 418 0.92
415 419 0.53
415 378 0.3
415 420 0.33
415 61 0.91
415 22 0.32
415 421 0.33
415 422 0.33
423 71 0.98
423 72 0.82
423 157 0.34
424 155 0.99
424 38 0.66
425 426 0.83
425 427 0.85
425 183 0.99
425 428 0.31
425 184 0.99
425 185 0.99
425 429 0.99
425 430 0.31
425 431 0.99
425 187 0.78
425 188 0.66
425 189 0.78
425 432 0.76
425 190 0.99
109 433 0.3
109 110 0.48
109 434 0.58
109 435 0.99
109 436 0.45
109 437 0.66
109 438 0.99
109 111 0.99
109 18 0.54
109 298 0.64
109 112 0.75
439 3 0.82
439 94 0.59
439 440 0.84
439 64 0.94
439 441 0.92
439 442 0.9
227 443 0.32
227 228 0.69
227 230 0.97
227 231 0.58
227 444 0.93
227 445 0.32
227 235 0.94
227 18 0.33
227 446 0.91
227 447 0.97
227 237 0.31
227 238 0.68
227 239 0.95
227 448 0.32
227 240 0.98
227 241 0.31
449 450 0.99
451 452 0.94
451 453 0.99
454 455 0.34
305 456 0.99
305 457 0.88
305 458 0.99
305 459 0.99
305 460 0.99
305 461 0.96
305 462 0.99
305 463 0.93
305 308 0.29
305 464 0.99
305 465 0.83
341 344 0.99
341 346 0.58
341 347 0.99
466 376 0.41
466 467 0.4
466 205 0.3
466 468 0.4
466 469 0.43
466 470 0.29
152 3 0.83
152 471 0.74
472 249 0.64
472 473 0.99
472 57 0.64
472 474 0.36
475 476 0.82
475 477 0.84
478 479 0.99
480 24 0.94
480 25 0.99
480 26 0.99
480 481 0.99
480 27 0.99
480 482 0.97
480 178 0.99
480 483 0.64
480 30 0.99
484 485 0.99
484 486 0.99
484 419 0.93
484 487 0.99
484 488 0.99
484 61 0.66
484 421 0.98
258 489 0.99
258 490 0.64
258 491 0.64
258 492 0.3
258 493 0.84
494 8 0.7
494 495 0.44
494 11 0.43
494 496 0.58
494 497 0.99
494 22 0.36
498 499 0.71
500 501 0.99
500 502 0.98
500 503 0.99
500 504 0.94
500 505 0.87
500 506 0.99
500 507 0.99
500 508 0.99
500 509 0.99
500 510 0.69
500 511 0.94
500 512 0.97
500 513 0.97
500 514 0.47
500 515 0.47
500 516 0.99
500 517 0.99
228 230 0.68
228 231 0.99
228 232 0.27
228 233 0.28
228 518 0.83
228 235 0.71
228 239 0.6
228 240 0.68
228 241 0.27
519 520 0.97
521 522 0.84
523 137 0.99
524 525 0.98
524 526 0.99
527 528 0.73
527 529 0.85
527 3 0.65
527 530 0.98
527 531 0.99
527 532 0.99
533 534 0.54
533 135 0.99
533 535 0.97
533 44 0.99
533 536 0.51
533 537 0.96
533 51 0.99
533 538 0.99
533 539 0.51
533 540 0.99
541 145 0.45
542 543 0.99
544 545 0.8
544 546 0.97
544 308 0.98
544 465 0.37
547 548 0.42
547 3 0.99
547 549 0.99
547 550 0.99
547 551 0.82
552 413 0.29
552 317 0.3
552 376 0.29
552 56 0.41
552 318 0.4
552 553 0.29
552 128 0.4
552 205 0.3
552 554 0.29
552 137 0.29
552 555 0.29
552 196 0.29
552 298 0.41
552 38 0.3
316 556 0.98
316 557 0.78
316 558 0.32
559 560 0.33
561 137 0.99
562 563 0.32
562 128 0.33
562 564 0.7
562 565 0.33
566 567 0.99
528 568 0.34
528 569 0.99
570 53 0.4
570 571 0.97
570 572 0.55
570 573 0.99
570 574 0.99
570 420 0.99
575 576 0.59
577 249 0.3
577 53 0.29
577 578 0.29
577 116 0.3
577 56 0.41
577 293 0.29
577 57 0.74
577 350 0.41
577 579 0.29
577 580 0.3
577 97 0.29
577 581 0.74
577 61 0.74
577 582 0.3
577 63 0.77
577 583 0.3
577 65 0.29
577 68 0.29
53 3 0.31
53 56 0.99
53 350 0.54
53 61 0.94
53 584 0.98
585 586 0.99
585 587 0.99
588 41 0.77
588 124 0.63
588 158 0.43
588 334 0.3
588 589 0.77
588 590 0.77
588 591 0.4
588 592 0.98
588 135 0.3
588 593 0.98
588 594 0.41
588 595 0.98
588 596 0.74
588 597 0.84
588 598 0.98
588 599 0.98
588 600 0.98
588 601 0.84
588 602 0.97
588 603 0.3
588 604 0.39
588 605 0.97
606 197 0.67
336 338 0.76
336 339 0.59
607 416 0.53
607 114 0.76
607 495 0.39
607 9 0.76
607 53 0.76
607 578 0.45
607 608 0.74
607 11 0.88
607 3 0.87
607 56 0.41
607 609 0.53
607 61 0.9
607 67 0.83
610 269 0.77
589 592 0.99
589 593 0.96
589 595 0.99
589 596 0.57
589 598 0.97
589 599 0.99
589 601 0.99
589 602 0.99
589 605 0.99
611 612 0.95
611 613 0.84
611 614 0.98
611 615 0.98
616 24 0.99
616 617 0.99
616 299 0.99
616 98 0.63
616 30 0.99
618 619 0.97
620 621 0.77
620 622 0.47
620 623 0.99
620 624 0.86
620 625 0.63
620 301 0.44
620 626 0.98
627 275 0.3
627 628 0.4
627 629 0.29
630 427 0.65
631 632 0.97
631 633 0.97
631 634 0.99
631 298 0.51
631 635 0.6
636 254 0.37
636 576 0.99
637 230 0.34
637 638 0.43
637 233 0.34
637 639 0.36
640 204 0.66
640 641 0.58
642 56 0.74
642 643 0.65
642 644 0.4
642 645 0.3
92 8 0.34
92 142 0.34
92 281 0.41
92 282 0.34
646 208 0.39
647 8 0.59
647 24 0.79
647 648 0.97
647 649 0.99
647 650 0.9
647 27 0.99
647 651 0.99
647 652 0.99
647 30 0.99
653 654 0.99
653 655 0.99
656 590 0.99
656 657 0.97
656 658 0.65
656 659 0.99
656 660 0.99
656 661 0.99
656 662 0.99
656 663 0.99
656 664 0.99
656 665 0.99
656 666 0.99
656 667 0.88
656 668 0.99
656 669 0.76
656 670 0.99
671 270 0.29
671 672 0.74
55 97 0.98
55 673 0.29
55 98 0.66
55 674 0.39
675 61 0.29
676 43 0.82
676 121 0.84
676 8 0.8
676 291 0.8
676 3 0.36
676 677 0.41
676 678 0.36
679 56 0.34
679 128 0.45
679 680 0.64
681 656 0.68
681 665 0.61
682 265 0.53
682 55 0.86
682 679 0.98
682 3 0.98
682 683 0.94
682 580 0.99
682 97 0.99
682 582 0.98
682 684 0.99
685 686 0.99
685 687 0.97
685 402 0.77
685 688 0.37
685 406 0.58
689 690 0.99
689 691 0.68
689 692 0.87
689 11 0.66
689 3 0.68
689 693 0.7
689 272 0.63
689 694 0.36
689 218 0.66
689 695 0.37
689 696 0.99
689 357 0.71
689 18 0.75
689 358 0.64
689 697 0.99
689 698 0.99
689 260 0.99
689 699 0.99
700 701 0.33
700 702 0.95
578 236 0.99
703 704 0.45
705 16 0.36
705 137 0.4
705 706 0.48
707 708 0.99
709 265 0.44
709 92 0.82
709 55 0.64
709 3 0.84
709 710 0.86
709 711 0.81
709 58 0.64
709 18 0.75
709 712 0.94
709 713 0.73
709 714 0.9
709 67 0.64
715 8 0.59
715 3 0.7
715 178 0.97
716 0 0.64
716 717 0.96
718 324 0.51
718 330 0.3
719 0 0.29
719 467 0.4
719 236 0.29
719 720 0.3
719 208 0.4
719 402 0.39
719 721 0.3
722 82 0.9
722 723 0.48
722 354 0.77
722 218 0.59
722 355 0.64
722 356 0.99
722 357 0.48
724 725 0.88
724 3 0.54
724 726 0.99
724 208 0.99
724 727 0.98
724 728 0.99
724 729 0.99
608 522 0.53
608 114 0.76
608 8 0.29
608 495 0.9
608 9 0.58
608 730 0.33
608 731 0.33
608 732 0.33
608 116 0.72
608 11 0.76
608 56 0.9
608 733 0.33
608 12 0.94
608 128 0.32
608 734 0.32
608 735 0.33
608 436 0.3
608 18 0.83
608 61 0.98
608 285 0.33
608 22 0.84
608 736 0.32
608 737 0.51
608 65 0.48
608 738 0.75
739 0 0.49
739 42 0.63
739 740 0.28
739 741 0.55
739 656 0.99
739 590 0.97
739 742 0.43
739 743 0.34
739 657 0.97
739 658 0.55
739 744 0.97
739 659 0.99
739 660 0.99
739 661 0.99
739 662 0.94
739 663 0.99
739 745 0.3
739 746 0.99
739 664 0.99
739 665 0.99
739 666 0.99
739 747 0.3
739 667 0.99
739 748 0.99
739 668 0.99
739 669 0.99
739 670 0.97
739 749 0.55
739 750 0.99
751 41 0.88
751 752 0.69
751 753 0.34
751 754 0.34
755 128 0.48
756 8 0.83
756 757 0.67
756 758 0.65
756 759 0.83
756 760 0.51
756 67 0.59
756 99 0.59
761 762 0.99
761 290 0.99
390 115 0.99
390 763 0.99
390 395 0.94
390 399 0.99
390 400 0.99
390 404 0.94
390 405 0.99
390 406 0.63
764 765 0.86
766 767 0.3
766 768 0.28
766 769 0.3
770 56 0.3
204 771 0.99
204 772 0.36
204 773 0.99
204 774 0.99
32 775 0.3
32 34 0.99
32 776 0.3
32 777 0.36
32 61 0.66
32 36 0.93
32 37 0.99
32 778 0.99
32 65 0.66
779 780 0.29
115 781 0.86
115 763 0.99
115 394 0.99
115 395 0.94
115 396 0.99
115 398 0.94
115 399 0.99
115 400 0.99
115 196 0.97
115 404 0.97
115 405 0.99
115 406 0.97
115 412 0.99
782 317 0.3
782 318 0.4
783 317 0.34
783 784 0.45
783 785 0.45
783 350 0.34
783 786 0.45
783 787 0.36
783 788 0.74
783 330 0.31
783 65 0.31
789 790 0.99
789 791 0.99
789 677 0.99
789 792 0.99
789 793 0.99
789 794 0.99
590 0 0.56
590 42 0.57
590 740 0.34
590 795 0.5
590 796 0.64
590 797 0.59
590 671 0.36
590 798 0.28
590 799 0.38
590 657 0.97
590 658 0.93
590 744 0.99
590 659 0.99
590 287 0.56
590 660 0.99
590 661 0.97
590 662 0.99
590 663 0.99
590 746 0.99
590 664 0.99
590 800 0.86
590 665 0.94
590 666 0.99
590 801 0.56
590 667 0.99
590 274 0.34
590 748 0.93
590 668 0.89
590 669 0.93
590 670 0.99
590 802 0.51
590 803 0.6
590 750 0.99
391 804 0.84
391 805 0.98
391 806 0.43
391 807 0.4
391 720 0.97
391 402 0.96
391 808 0.98
391 809 0.95
391 688 0.96
391 721 0.98
391 406 0.77
391 407 0.39
391 411 0.98
391 412 0.64
391 810 0.98
811 375 0.83
811 812 0.99
811 379 0.86
813 593 0.29
813 599 0.29
814 815 0.4
814 57 0.3
814 289 0.32
277 224 0.91
277 265 0.81
277 816 0.93
277 11 0.38
277 3 0.38
277 817 0.29
277 818 0.91
277 819 0.36
277 214 0.85
277 437 0.38
277 820 0.53
277 18 0.85
277 582 0.36
277 821 0.84
277 822 0.8
363 365 0.4
363 366 0.93
363 367 0.97
363 369 0.82
33 34 0.99
33 823 0.6
33 820 0.6
33 37 0.86
824 204 0.99
825 826 0.99
827 828 0.99
827 3 0.48
829 8 0.92
829 830 0.95
829 831 0.52
829 55 0.52
829 832 0.95
829 11 0.92
829 833 0.52
829 834 0.74
829 835 0.95
829 18 0.52
829 580 0.98
829 836 0.52
829 713 0.92
829 837 0.52
829 838 0.52
839 590 0.99
839 840 0.88
839 364 0.88
841 842 0.39
571 573 0.99
571 574 0.99
571 420 0.99
843 844 0.43
845 846 0.76
847 248 0.75
847 376 0.99
847 3 0.41
847 848 0.99
847 849 0.46
850 720 0.49
850 808 0.44
851 852 0.4
851 296 0.29
853 854 0.99
853 855 0.99
853 856 0.33
857 376 0.99
857 57 0.63
857 858 0.75
857 859 0.61
857 583 0.99
860 455 0.99
861 198 0.43
861 402 0.62
861 403 0.74
861 862 0.39
863 44 0.3
864 522 0.82
864 114 0.74
864 8 0.3
864 495 0.39
864 9 0.29
864 865 0.39
864 11 0.77
864 212 0.29
864 117 0.4
864 350 0.31
864 866 0.39
864 736 0.4
864 706 0.3
867 204 0.99
867 868 0.94
867 869 0.77
870 871 0.4
872 8 0.4
872 142 0.29
872 56 0.3
873 43 0.31
873 874 0.31
873 875 0.43
873 876 0.99
873 742 0.31
873 364 0.99
873 877 0.54
873 878 0.99
873 879 0.95
873 144 0.52
873 288 0.99
873 880 0.99
873 881 0.35
873 882 0.72
873 883 0.34
873 884 0.72
93 582 0.99
93 885 0.99
886 887 0.52
886 888 0.52
886 823 0.52
886 889 0.52
362 201 0.99
362 890 0.66
891 892 0.99
891 893 0.97
891 894 0.97
194 114 0.82
194 8 0.86
194 195 0.99
194 397 0.64
194 196 0.99
194 148 0.99
317 895 0.29
896 314 0.32
896 897 0.32
896 898 0.91
896 18 0.32
896 296 0.91
896 899 0.8
900 901 0.99
900 902 0.59
903 904 0.94
376 848 0.99
376 905 0.6
376 706 0.67
906 907 0.3
906 908 0.97
906 859 0.99
909 910 0.29
909 911 0.29
912 317 0.29
912 117 0.39
912 913 0.29
914 915 0.45
914 916 0.45
917 918 0.82
529 531 0.99
919 495 0.32
919 736 0.45
548 920 0.53
548 549 0.98
548 550 0.93
548 921 0.62
548 551 0.99
922 923 0.36
922 924 0.31
922 925 0.36
922 926 0.36
927 928 0.4
927 470 0.3
456 304 0.99
456 457 0.99
456 545 0.99
456 929 0.7
456 458 0.94
456 930 0.55
456 459 0.94
456 460 0.99
456 461 0.94
456 462 0.92
456 463 0.97
456 464 0.94
931 932 0.68
910 933 0.98
934 935 0.99
934 936 0.75
937 938 0.64
937 939 0.55
937 940 0.66
937 941 0.94
937 942 0.75
337 249 0.59
392 198 0.94
392 403 0.94
392 406 0.94
392 408 0.99
392 409 0.99
392 943 0.99
392 411 0.99
828 553 0.66
457 304 0.74
457 545 0.98
457 546 0.8
457 929 0.57
457 458 0.98
457 459 0.98
457 178 0.74
457 461 0.93
457 462 0.77
457 308 0.98
457 721 0.3
457 464 0.3
457 465 0.3
907 944 0.64
155 945 0.99
155 946 0.62
780 947 0.99
780 213 0.28
780 948 0.33
780 949 0.34
780 950 0.33
11 3 0.62
11 951 0.35
545 304 0.78
545 11 0.66
545 952 0.31
545 546 0.99
545 458 0.99
545 953 0.99
545 307 0.87
545 308 0.86
545 954 0.42
545 465 0.59
840 955 0.35
840 590 0.99
840 364 0.87
840 956 0.99
840 957 0.64
24 25 0.97
24 26 0.97
24 481 0.87
24 617 0.99
24 652 0.97
24 30 0.99
84 3 0.38
84 85 0.99
84 86 0.84
84 438 0.99
84 87 0.99
84 88 0.99
854 855 0.99
854 958 0.99
854 959 0.99
854 856 0.99
854 960 0.68
961 8 0.55
961 578 0.59
961 3 0.77
961 326 0.48
962 293 0.99
962 963 0.99
962 294 0.99
962 964 0.99
962 965 0.93
962 966 0.99
967 154 0.34
967 968 0.65
969 298 0.73
479 951 0.66
479 470 0.66
970 114 0.85
970 8 0.96
970 9 0.6
970 135 0.99
970 137 0.99
970 51 0.84
970 139 0.95
971 8 0.9
971 141 0.67
971 194 0.97
971 135 0.99
971 136 0.98
971 137 0.99
971 51 0.99
971 148 0.97
972 973 0.39
974 975 0.77
974 852 0.99
974 205 0.56
974 976 0.99
974 555 0.35
974 895 0.99
974 977 0.98
978 82 0.95
978 979 0.37
978 354 0.82
978 355 0.95
978 356 0.69
978 359 0.92
790 80 0.3
790 980 0.4
790 818 0.95
790 791 0.98
790 677 0.98
790 792 0.98
790 981 0.82
790 793 0.97
790 982 0.4
790 794 0.84
979 82 0.96
979 742 0.4
979 272 0.4
979 354 0.69
979 218 0.75
979 355 0.86
979 356 0.91
979 357 0.85
979 106 0.4
979 359 0.99
979 220 0.97
983 56 0.99
984 985 0.89
984 604 0.52
986 467 0.4
987 314 0.32
987 554 0.52
342 341 0.82
342 988 0.32
342 345 0.97
342 346 0.93
342 989 0.32
342 990 0.32
342 140 0.52
991 992 0.65
993 994 0.48
995 996 0.48
997 11 0.34
997 998 0.63
997 3 0.65
997 999 0.77
997 1000 0.29
997 1001 0.4
997 18 0.65
997 196 0.37
997 1002 0.3
997 1003 0.65
997 1004 0.65
997 1005 0.41
997 263 0.3
758 759 0.66
758 64 0.46
781 1006 0.99
781 106 0.99
781 107 0.86
781 1007 0.99
195 1008 0.9
195 1009 0.97
195 1010 0.9
1011 203 0.69
1011 204 0.66
1011 1012 0.99
1011 1013 0.96
1014 1015 0.99
1014 1016 0.91
1014 939 0.99
1014 821 0.99
1017 85 0.82
1017 86 0.93
1017 87 0.9
1017 1018 0.99
1017 88 0.99
1017 601 0.77
1017 1019 0.99
1017 736 0.48
1017 1020 0.99
1021 589 0.99
1021 682 0.67
1021 592 0.97
1021 1022 0.47
1021 683 0.66
1021 595 0.99
1021 597 0.99
1021 598 0.97
1021 599 0.99
1021 601 0.76
1021 602 0.66
1021 684 0.67
1021 605 0.99
230 229 0.65
230 232 0.97
230 233 0.83
230 238 0.82
230 239 0.97
230 240 0.82
1023 1024 0.94
1025 762 0.92
1025 1026 0.31
1025 1027 0.32
1025 1028 0.94
1025 290 0.97
1029 56 0.99
1029 819 0.59
1029 434 0.7
1029 59 0.41
1029 61 0.99
343 341 0.98
343 1030 0.38
343 344 0.98
343 345 0.89
343 346 0.92
1031 853 0.74
1031 854 0.74
1031 855 0.77
1031 958 0.77
1031 959 0.91
1031 856 0.77
1031 1032 0.36
1033 1034 0.99
1033 1035 0.94
1033 1036 0.96
1033 1037 0.99
1038 1039 0.99
1038 1040 0.99
1038 1041 0.99
1038 1042 0.99
1038 1043 0.99
1038 1044 0.99
1038 1045 0.99
1046 243 0.99
1046 244 0.99
1046 245 0.56
1047 204 0.9
25 27 0.99
25 28 0.99
25 482 0.87
25 483 0.99
25 30 0.99
504 501 0.42
504 503 0.7
504 506 0.48
504 507 0.94
504 162 0.65
504 511 0.64
504 512 0.64
504 513 0.31
504 515 0.48
1048 376 0.29
1049 1050 0.99
1051 1052 0.4
1053 1054 0.75
1055 1056 0.99
1055 1057 0.67
2 317 0.42
2 337 0.56
2 11 0.56
2 4 0.97
2 5 0.99
2 360 0.99
657 795 0.47
657 796 0.78
657 1058 0.64
657 692 0.29
657 798 0.61
657 658 0.99
657 744 0.99
657 659 0.99
657 660 0.99
657 661 0.99
657 662 0.99
657 663 0.99
657 664 0.99
657 665 0.99
657 666 0.99
657 667 0.98
657 748 0.99
657 1059 0.28
657 668 0.99
657 669 0.9
657 670 0.99
657 750 0.94
1060 55 0.99
1060 362 0.35
1060 686 0.37
1060 1014 0.61
1060 3 0.81
1060 56 0.61
1060 572 0.54
1060 1016 0.99
1060 1061 0.99
1060 711 0.54
1060 786 0.38
1060 939 0.99
1060 1062 0.54
1060 1063 0.39
1060 580 0.44
1060 208 0.54
1060 1064 0.99
1060 64 0.84
1060 67 0.64
1065 530 0.87
1065 1066 0.29
1067 1068 0.4
1069 1070 0.29
212 1071 0.36
212 1072 0.66
212 214 0.99
212 1073 0.3
212 215 0.97
212 353 0.88
1074 1075 0.48
56 1076 0.99
1077 1078 0.99
1079 304 0.97
1079 545 0.86
1079 546 0.51
1079 458 0.99
1079 307 0.84
1079 308 0.97
1079 465 0.87
1080 1081 0.99
1039 92 0.33
1039 3 0.77
1039 1041 0.99
1039 1042 0.99
1039 1082 0.39
1039 1044 0.99
1039 1005 0.39
1039 1045 0.99
621 1033 0.85
621 162 0.99
621 623 0.99
621 625 0.89
621 626 0.89
1083 1084 0.43
1083 604 0.65
1085 301 0.44
1086 644 0.33
1086 645 0.76
1086 90 0.33
1087 690 0.49
1087 381 0.44
1087 1088 0.79
1087 891 0.44
1087 56 0.44
1087 695 0.97
1087 219 0.34
1087 1089 0.45
1087 1090 0.99
1087 1091 0.99
1087 1092 0.98
1087 357 0.5
1087 1093 0.83
1094 1095 0.79
1094 318 0.49
1094 1096 0.83
1094 1097 0.88
1094 236 0.44
1098 1095 0.99
1098 1099 0.74
1098 1097 0.99
1100 1101 0.99
744 752 0.31
744 796 0.58
744 656 0.99
744 992 0.31
744 658 0.99
744 659 0.99
744 660 0.99
744 661 0.87
744 662 0.99
744 663 0.99
744 746 0.33
744 664 0.99
744 665 0.94
744 666 0.99
744 667 0.99
744 748 0.91
744 1102 0.36
744 668 0.78
744 669 0.81
744 670 0.99
744 64 0.36
744 750 0.97
292 297 0.94
292 299 0.99
292 301 0.99
1103 3 0.29
1103 59 0.76
1103 918 0.82
1103 61 0.99
1103 63 0.99
1103 64 0.36
638 230 0.43
638 1104 0.39
638 639 0.39
546 304 0.72
546 1105 0.95
546 456 0.76
546 458 0.98
546 953 0.95
546 308 0.97
546 465 0.8
1106 0 0.32
1106 495 0.29
1106 55 0.41
1106 3 0.63
1106 56 0.74
1106 1107 0.63
1106 1108 0.65
1106 612 0.98
1106 613 0.84
1106 614 0.98
1106 615 0.98
1109 1110 0.77
1111 371 0.97
1111 57 0.58
1111 852 0.98
1111 205 0.54
1111 144 0.87
1111 1112 0.97
1111 895 0.99
1111 298 0.99
1111 583 0.51
762 1113 0.92
762 1028 0.51
762 290 0.99
1035 3 0.84
1035 162 0.74
1035 1036 0.82
1035 1037 0.98
1035 625 0.39
944 8 0.74
944 142 0.41
944 115 0.3
944 1111 0.3
110 433 0.65
110 435 0.97
110 111 0.98
110 112 0.98
1114 3 0.4
1114 1115 0.39
1095 1096 0.99
1095 1097 0.99
1095 1116 0.84
1117 70 0.98
1117 72 0.94
1118 128 0.3
1118 298 0.74
693 698 0.4
26 25 0.45
26 482 0.94
26 30 0.99
1119 1120 0.48
1121 269 0.37
1121 376 0.41
1121 350 0.92
1121 65 0.98
1121 1122 0.38
1123 55 0.99
1123 1124 0.32
1123 18 0.75
1123 99 0.99
1125 1126 0.36
1125 1127 0.39
1125 50 0.31
1128 1129 0.34
1130 1131 0.99
572 55 0.59
572 573 0.7
572 137 0.99
572 580 0.3
572 157 0.3
1132 298 0.64
1133 3 0.63
1133 869 0.77
1134 1135 0.88
1134 1136 0.31
1134 1137 0.99
1138 819 0.29
1138 1139 0.3
1140 0 0.34
1140 56 0.34
1140 473 0.45
1140 1001 0.36
1140 465 0.34
1141 420 0.36
1141 1142 0.88
1143 644 0.33
1143 61 0.76
1144 1145 0.99
1144 1146 0.88
1144 401 0.94
1144 1147 0.99
1144 1148 0.99
1149 1053 0.9
1149 1150 0.77
1149 1151 0.68
1149 1152 0.7
1153 8 0.59
1153 1154 0.51
323 1155 0.99
1156 1157 0.74
1158 8 0.66
1158 1159 0.99
1158 1160 0.97
1158 481 0.83
1158 1161 0.93
1158 1162 0.36
1158 27 0.96
1158 483 0.97
1158 1163 0.99
1158 1164 0.4
1158 1165 0.99
911 552 0.31
911 363 0.31
911 1166 0.34
911 553 0.41
911 554 0.32
911 436 0.64
911 1167 0.39
911 1168 0.34
213 495 0.66
213 249 0.77
213 484 0.74
213 53 0.7
213 656 0.99
213 485 0.68
213 824 0.88
213 1169 0.3
213 116 0.66
213 657 0.71
213 56 0.99
213 658 0.99
213 744 0.99
213 1170 0.58
213 1099 0.99
213 660 0.39
213 57 0.56
213 664 0.99
213 665 0.35
213 666 0.99
213 144 0.78
213 419 0.77
213 667 0.99
213 378 0.37
213 61 0.7
213 1171 0.97
213 1172 0.75
213 668 0.53
213 669 0.99
213 1173 0.99
1174 993 0.29
1175 24 0.77
1175 648 0.3
1175 650 0.77
1175 27 0.3
1175 651 0.41
1175 1176 0.77
1175 652 0.3
1175 30 0.85
1040 64 0.46
252 1177 0.3
252 280 0.58
252 254 0.98
252 282 0.5
252 208 0.3
252 949 0.53
252 257 0.98
384 1178 0.27
1179 1180 0.99
426 181 0.93
426 1181 0.51
426 1182 0.32
426 427 0.95
426 182 0.98
426 183 0.97
426 428 0.83
426 184 0.97
426 185 0.97
426 186 0.95
426 1183 0.3
426 1184 0.53
426 1185 0.32
426 187 0.98
426 188 0.95
426 189 0.98
426 432 0.98
426 190 0.97
426 191 0.96
1186 64 0.53
1187 1188 0.45
1187 1189 0.77
231 229 0.88
231 230 0.84
231 232 0.94
231 233 0.92
231 444 0.99
231 1190 0.97
231 518 0.94
231 235 0.88
231 1191 0.97
231 208 0.36
231 446 0.88
231 447 0.99
231 237 0.96
231 238 0.97
231 1192 0.97
231 239 0.94
231 639 0.36
231 727 0.36
231 240 0.94
231 241 0.94
1072 162 0.99
1072 137 0.99
293 963 0.99
293 294 0.99
293 965 0.93
293 299 0.99
293 966 0.94
293 302 0.9
1096 1193 0.85
1096 376 0.29
1096 1194 0.85
1096 1099 0.29
1096 1097 0.84
272 1195 0.45
272 218 0.31
272 356 0.98
272 357 0.64
272 698 0.88
272 289 0.98
272 1196 0.98
272 1197 0.41
272 1198 0.34
272 220 0.98
207 301 0.98
1199 1200 0.5
1199 757 0.98
1199 3 0.6
1199 323 0.98
1199 18 0.6
1199 713 0.64
1201 1202 0.33
1203 559 0.93
1203 1204 0.95
1205 56 0.99
1205 895 0.6
1205 61 0.66
1205 769 0.52
1206 501 0.84
1206 500 0.74
1206 502 0.84
1206 503 0.84
1206 467 0.4
1206 504 0.41
1206 505 0.85
1206 3 0.65
1206 1207 0.84
1206 506 0.84
1206 1208 0.74
1206 507 0.77
1206 1209 0.84
1206 508 0.85
1206 236 0.3
1206 132 0.4
1206 162 0.82
1206 509 0.92
1206 414 0.4
1206 510 0.82
1206 511 0.77
1206 787 0.4
1206 512 0.41
1206 133 0.41
1206 1210 0.4
1206 1211 0.4
1206 1212 0.4
1206 513 0.98
1206 150 0.29
1206 1213 0.77
1206 1214 0.82
1206 516 0.84
1215 1216 0.39
1217 236 0.37
1218 154 0.49
1218 1219 0.91
1218 1220 0.99
1221 292 0.3
1221 936 0.4
1221 1222 0.98
1221 38 0.3
1223 1224 0.77
1225 1226 0.99
1227 554 0.97
1227 436 0.88
1227 156 0.99
1227 1228 0.55
1227 298 0.99
1227 706 0.98
1229 1230 0.3
1231 1232 0.97
1233 106 0.33
648 8 0.58
648 24 0.99
648 649 0.99
648 650 0.7
648 27 0.99
648 651 0.99
648 652 0.99
648 1234 0.5
648 30 0.99
1170 11 0.58
1170 235 0.36
1235 249 0.46
1235 209 0.86
74 104 0.3
74 1236 0.29
1237 708 0.98
1237 1238 0.43
632 1239 0.34
632 1240 0.75
632 878 0.94
632 1241 0.74
632 634 0.55
632 1242 0.3
632 635 0.67
672 8 0.3
672 9 0.77
672 53 0.29
672 11 0.41
672 56 0.3
672 18 0.4
672 138 0.41
672 1243 0.74
672 149 0.3
1194 56 0.3
1194 1098 0.3
1194 1095 0.41
1194 1097 0.4
710 55 0.98
710 162 0.99
710 403 0.29
1244 1245 0.96
1244 627 0.75
1244 1193 0.96
1244 376 0.3
1244 1114 0.78
1244 85 0.94
1244 236 0.37
1244 44 0.39
1244 162 0.78
1244 1246 0.99
1244 1247 0.44
1244 1248 0.99
1244 1249 0.99
1244 1250 0.94
1244 1251 0.78
1244 1252 0.96
1253 562 0.29
633 1239 0.89
633 878 0.99
633 219 0.49
633 634 0.99
633 358 0.4
913 129 0.59
913 8 0.6
913 142 0.5
913 55 0.59
913 317 0.59
913 743 0.99
913 567 0.6
913 236 0.85
913 655 0.6
913 133 0.56
913 582 0.82
1254 1255 0.39
1254 456 0.29
1254 1256 0.43
1254 1257 0.39
1254 418 0.29
1254 137 0.29
1254 895 0.29
1254 461 0.41
1254 298 0.74
1254 462 0.43
1254 1258 0.29
1254 464 0.43
1254 410 0.39
1259 1112 0.97
287 657 0.79
287 57 0.4
287 18 0.87
287 1260 0.56
287 1005 0.99
287 1261 0.58
1262 1245 0.49
1262 1193 0.35
1262 1112 0.81
1262 301 0.3
1263 254 0.76
1263 107 0.58
1099 55 0.83
1099 97 0.55
1099 98 0.41
1264 55 0.99
1264 1265 0.99
1264 135 0.97
1264 44 0.99
1264 579 0.66
1264 580 0.59
1264 582 0.61
1264 921 0.4
1264 1266 0.99
1264 150 0.99
1113 382 0.65
1113 1267 0.74
1113 290 0.43
1268 271 0.99
1268 1240 0.95
1268 219 0.97
1268 164 0.3
1268 1269 0.93
1268 357 0.58
1268 358 0.94
1268 1196 0.86
1268 1198 0.6
1270 3 0.48
848 1271 0.4
848 1193 0.96
848 1186 0.77
848 1272 0.4
848 1273 0.95
848 236 0.29
848 1222 0.39
848 1274 0.4
848 1275 0.74
848 905 0.95
848 1276 0.4
1277 530 0.82
1278 1279 0.39
1278 1280 0.39
1278 1281 0.39
1278 1282 0.39
1283 1284 0.99
1284 578 0.29
1284 852 0.65
1284 205 0.41
1284 976 0.3
1284 298 0.29
654 655 0.99
649 8 0.38
649 1285 0.29
649 24 0.99
649 975 0.66
649 650 0.86
649 852 0.99
649 205 0.99
649 27 0.99
649 1286 0.48
649 651 0.99
649 895 0.64
649 1287 0.36
649 652 0.96
649 1234 0.5
649 977 0.98
649 30 0.94
118 249 0.67
118 50 0.66
1288 913 0.29
1289 82 0.72
1289 1240 0.35
1289 272 0.79
1289 633 0.66
1289 1268 0.64
1289 354 0.84
1289 218 0.94
1289 219 0.64
1289 355 0.7
1289 356 0.72
1289 1269 0.99
1289 1290 0.48
1289 357 0.83
1289 358 0.79
1289 289 0.71
393 401 0.56
1160 8 0.75
1160 11 0.66
1160 1159 0.88
1160 592 0.9
1160 481 0.99
1160 1161 0.97
1160 27 0.34
1160 1291 0.97
1160 483 0.99
1160 1163 0.97
1292 204 0.99
1293 1246 0.99
660 658 0.99
660 662 0.99
660 663 0.99
660 664 0.99
660 665 0.99
660 666 0.99
660 667 0.99
660 1102 0.41
660 668 0.99
660 669 0.99
660 670 0.99
660 64 0.48
660 750 0.97
1294 1295 0.99
1294 1296 0.36
661 795 0.39
661 1058 0.86
661 798 0.81
661 3 0.86
661 56 0.51
661 658 0.99
661 659 0.99
661 660 0.99
661 662 0.58
661 663 0.99
661 664 0.97
661 665 0.99
661 666 0.99
661 1297 0.29
661 667 0.99
661 388 0.32
661 748 0.91
661 61 0.99
661 668 0.99
661 1298 0.51
661 669 0.99
661 670 0.99
661 750 0.99
489 578 0.29
489 11 0.29
1299 249 0.3
1300 1301 0.77
1300 1302 0.99
1303 1304 0.99
1305 1288 0.3
1305 787 0.4
1306 1307 0.84
1306 514 0.66
1308 56 0.38
1308 1309 0.45
1308 1310 0.68
1311 243 0.29
1312 467 0.4
1312 3 0.63
1312 56 0.3
1312 418 0.29
1312 301 0.52
243 244 0.99
243 245 0.99
1313 142 0.68
1313 1314 0.48
1313 1315 0.48
592 1316 0.96
592 593 0.97
592 595 0.99
592 596 0.97
592 597 0.99
592 598 0.99
592 106 0.33
592 599 0.99
592 600 0.99
592 601 0.99
592 602 0.99
592 605 0.99
1317 1318 0.99
1317 1107 0.83
1317 1306 0.96
1319 298 0.99
1320 1321 0.91
182 427 0.62
182 183 0.99
182 184 0.94
182 185 0.99
182 186 0.99
182 187 0.99
182 188 0.94
182 189 0.99
182 432 0.96
182 190 0.99
182 191 0.97
791 677 0.99
791 792 0.99
662 0 0.79
662 42 0.77
662 740 0.63
662 80 0.3
662 692 0.63
662 757 0.3
662 659 0.96
662 1322 0.41
662 745 0.65
662 1323 0.63
662 664 0.98
662 1324 0.3
662 667 0.4
662 777 0.82
662 1325 0.3
662 1326 0.39
662 669 0.4
662 670 0.98
662 749 0.41
662 750 0.98
1327 1328 0.98
1327 1329 0.99
1327 1330 0.58
1331 1332 0.37
183 1333 0.4
183 701 0.4
183 427 0.82
183 1273 0.3
183 184 0.97
183 185 0.97
183 1334 0.4
183 1335 0.4
183 186 0.84
183 1336 0.4
183 1337 0.4
183 1338 0.4
183 895 0.29
183 187 0.98
183 188 0.4
183 189 0.98
183 432 0.98
183 190 0.97
819 1339 0.39
819 1340 0.39
1341 751 0.99
1341 754 0.88
232 229 0.93
232 975 0.38
232 233 0.98
232 235 0.38
232 237 0.57
232 238 0.75
232 239 0.7
232 240 0.28
232 241 0.9
1342 522 0.4
1342 114 0.3
1342 8 0.41
1342 142 0.29
1342 376 0.29
1342 11 0.77
1343 628 0.48
1344 1345 0.99
1344 1346 0.48
1347 159 0.29
1347 819 0.29
1347 849 0.39
663 658 0.99
663 659 0.99
663 662 0.99
663 1348 0.49
663 1349 0.29
663 664 0.94
663 665 0.99
663 666 0.99
663 667 0.99
663 668 0.81
663 669 0.99
663 670 0.99
663 65 0.8
663 750 0.99
1350 55 0.99
1350 266 0.66
1350 377 0.99
1350 869 0.93
1351 414 0.4
1352 1353 0.45
619 716 0.99
855 162 0.67
855 959 0.97
855 856 0.99
855 137 0.99
855 960 0.94
929 205 0.56
929 976 0.99
1354 3 0.4
1354 236 0.3
1354 856 0.43
1354 706 0.3
395 124 0.48
395 1355 0.72
395 443 0.68
395 636 0.6
395 56 0.66
395 763 0.99
395 819 0.62
395 394 0.81
395 396 0.99
395 397 0.94
395 398 0.89
395 399 0.99
395 400 0.99
395 196 0.87
395 404 0.94
395 405 0.99
395 406 0.94
395 407 0.81
395 410 0.83
395 412 0.71
1356 1357 0.33
1356 1358 0.32
1356 1359 0.32
1322 830 0.75
1322 55 0.43
1322 829 0.56
1322 318 0.36
1322 835 0.36
1322 711 0.66
1322 580 0.58
1322 97 0.94
1322 713 0.66
1360 1361 0.94
901 902 0.79
901 1362 0.37
1363 382 0.4
765 116 0.4
765 1364 0.99
765 1365 0.99
765 1366 0.99
765 826 0.99
765 61 0.59
1367 1368 0.93
1369 1370 0.99
1369 1371 0.66
1369 470 0.66
1372 333 0.6
1372 11 0.54
1372 3 0.62
1372 64 0.64
167 1373 0.45
167 1374 0.45
167 1375 0.45
167 212 0.4
167 1376 0.45
167 128 0.88
167 1377 0.99
167 1378 0.45
167 1379 0.4
167 1380 0.45
167 1183 0.45
167 1381 0.45
167 1382 0.45
167 1383 0.45
167 1384 0.4
167 1012 0.45
167 1385 0.45
167 989 0.45
167 1386 0.45
167 1387 0.45
57 371 0.4
57 249 0.93
57 155 0.74
57 56 0.58
57 350 0.76
57 61 0.98
57 869 0.3
57 583 0.98
57 65 0.72
57 68 0.97
1388 204 0.91
1389 1390 0.43
1391 1392 0.3
1391 1393 0.39
458 114 0.59
458 304 0.56
458 3 0.67
458 929 0.99
458 953 0.99
458 459 0.97
458 306 0.99
458 460 0.98
458 461 0.86
458 462 0.94
458 463 0.97
458 308 0.97
458 464 0.94
458 954 0.83
458 465 0.99
1394 55 0.99
1394 3 0.86
1394 1395 0.99
1394 1396 0.75
1394 18 0.34
1394 1397 0.99
1394 1398 0.96
1394 713 0.56
1394 1399 0.58
266 3 0.74
266 18 0.99
266 1003 0.69
374 1400 0.33
374 405 0.32
1401 558 0.95
233 227 0.98
233 229 0.76
233 235 0.99
233 1191 0.5
233 18 0.99
233 447 0.98
233 237 0.59
233 238 0.94
233 1192 0.99
233 239 0.99
233 240 0.94
233 241 0.99
490 528 0.29
490 1402 0.98
490 493 0.95
677 44 0.35
677 792 0.97
677 1403 0.37
677 530 0.48
677 793 0.83
677 794 0.94
650 652 0.97
650 30 0.99
444 229 0.81
444 230 0.85
444 232 0.64
444 1190 0.99
444 237 0.86
444 238 0.97
444 1192 0.99
444 239 0.99
444 240 0.96
444 241 0.56
1404 1405 0.99
569 1058 0.48
569 1406 0.77
569 1407 0.35
1408 3 0.4
1409 522 0.68
1409 1410 0.32
1409 1279 0.33
1409 1411 0.32
1409 265 0.83
1409 1412 0.33
1409 1099 0.91
1409 12 0.33
1409 1413 0.32
1409 17 0.51
1409 22 0.33
878 163 0.3
878 631 0.96
878 1239 0.88
878 3 0.89
878 1022 0.99
878 350 0.99
878 1124 0.87
878 940 0.89
878 18 0.86
878 580 0.33
878 65 0.36
1414 56 0.72
476 477 0.67
14 7 0.4
14 55 0.29
14 578 0.29
14 11 0.74
14 3 0.39
14 1300 0.29
14 18 0.4
14 20 0.43
1415 578 0.29
1415 819 0.3
1415 822 0.39
1416 999 0.97
135 1262 0.85
135 1265 0.99
135 535 0.99
135 1273 0.86
135 1417 0.32
135 44 0.99
135 18 0.48
135 537 0.97
135 51 0.99
135 1418 0.9
135 1419 0.79
135 1243 0.99
135 492 0.93
135 140 0.94
135 538 0.52
135 1266 0.97
135 150 0.99
135 1420 0.28
135 540 0.99
938 371 0.3
938 831 0.4
938 55 0.3
938 3 0.82
938 384 0.29
938 878 0.77
938 594 0.77
938 1062 0.39
938 940 0.77
938 579 0.29
938 18 0.39
938 941 0.98
938 713 0.29
938 64 0.39
938 942 0.84
1421 1422 0.74
1423 8 0.66
1423 1056 0.3
1423 1424 0.99
1423 250 0.58
1423 1425 0.64
1423 1426 0.99
1423 1427 0.88
1423 1428 0.99
1423 1429 0.99
1423 1430 0.97
1431 254 0.3
1432 1302 0.55
1433 159 0.77
1433 160 0.98
223 914 0.99
223 915 0.99
223 1434 0.61
223 1435 0.98
223 1436 0.99
223 1437 0.99
136 137 0.98
136 139 0.83
535 3 0.28
535 537 0.99
535 538 0.99
535 540 0.99
879 8 0.55
879 376 0.55
879 3 0.82
879 56 0.55
879 135 0.61
879 350 0.63
879 61 0.99
879 582 0.49
879 1438 0.76
879 1439 0.46
879 65 0.55
1440 553 0.86
481 25 0.85
481 1159 0.81
481 1161 0.86
481 27 0.99
481 482 0.86
481 483 0.99
481 1163 0.69
481 30 0.99
1441 583 0.99
1442 1443 0.97
366 367 0.94
366 369 0.99
1444 1445 0.4
1446 71 0.95
1447 1448 0.32
1447 221 0.76
1447 1071 0.33
1447 1449 0.53
1447 1450 0.33
1447 1451 0.33
1447 1452 0.32
4 5 0.99
773 771 0.84
1316 593 0.64
1316 595 0.9
1316 596 0.99
1316 597 0.99
1316 598 0.99
1316 601 0.99
1316 602 0.99
1316 605 0.99
397 115 0.99
397 1265 0.83
397 399 0.99
397 44 0.99
397 400 0.99
397 196 0.99
397 405 0.99
397 412 0.67
1453 317 0.3
1453 1454 0.29
1455 1456 0.99
1457 396 0.38
1457 1458 0.39
218 163 0.44
218 354 0.9
218 356 0.86
218 357 0.89
218 358 0.94
218 289 0.94
218 1197 0.94
218 1459 0.45
218 220 0.97
1460 1195 0.99
1460 1461 0.99
1145 1146 0.93
1145 401 0.97
1145 1147 0.99
1145 1148 0.97
1208 501 0.39
1208 1462 0.39
1208 742 0.29
1208 1463 0.29
1208 1464 0.39
1208 1465 0.39
1208 821 0.29
1208 1466 0.29
350 1305 0.73
350 1467 0.37
350 788 0.99
350 1275 0.28
350 1468 0.84
350 65 0.99
567 709 0.53
567 11 0.71
567 1265 0.94
567 44 0.97
567 96 0.82
567 18 0.86
567 320 0.89
567 582 0.99
567 1469 0.84
567 1470 0.29
567 885 0.3
567 64 0.45
567 67 0.85
1241 271 0.99
1241 1239 0.76
1241 1268 0.99
1241 1289 0.55
1241 219 0.99
1241 1269 0.76
1241 357 0.76
1241 635 0.72
1241 289 0.9
1241 1196 0.99
1241 1198 0.78
1241 220 0.63
1471 1472 0.99
1471 1473 0.99
1471 1474 0.99
1471 1475 0.99
1471 1476 0.99
1471 1477 0.99
1471 1478 0.9
1471 1479 0.99
1471 1480 0.99
1471 1481 0.99
1273 376 0.99
834 1482 0.68
834 1483 0.68
834 137 0.99
834 579 0.79
834 106 0.99
834 1484 0.68
834 1485 0.57
834 836 0.99
834 1486 0.52
834 582 0.99
834 1211 0.98
834 107 0.85
834 1487 0.99
834 64 0.68
834 1488 0.63
1190 226 0.53
1190 227 0.99
1190 228 0.69
1190 229 0.9
1190 204 0.55
1190 742 0.69
1190 232 0.87
1190 233 0.89
1190 518 0.99
1190 235 0.9
1190 976 0.63
1190 446 0.89
1190 949 0.68
1190 38 0.52
1190 447 0.99
1190 237 0.86
1190 238 0.96
1190 1192 0.83
1190 652 0.56
1190 240 0.96
1190 241 0.6
1489 1490 0.39
1489 1491 0.99
1489 1492 0.55
1493 298 0.92
1493 39 0.98
1494 179 0.86
1494 1495 0.99
1041 3 0.8
1041 1040 0.98
1041 1042 0.97
1041 1043 0.99
1041 1044 0.99
1041 1045 0.99
930 1236 0.94
1496 45 0.3
1496 47 0.82
1496 951 0.74
1496 1497 0.98
1496 849 0.39
1496 1498 0.4
184 1182 0.33
184 427 0.32
184 1499 0.51
184 1500 0.33
184 1482 0.51
184 185 0.97
184 59 0.33
184 186 0.95
184 1501 0.33
184 1337 0.51
184 1502 0.51
184 187 0.98
184 188 0.8
184 189 0.98
184 432 0.98
184 190 0.97
184 191 0.98
1503 390 0.66
85 86 0.91
85 438 0.85
85 1018 0.83
85 89 0.98
85 1504 0.83
85 1020 0.98
1505 1472 0.99
1505 1473 0.99
1505 1474 0.99
1505 1475 0.99
1505 1476 0.99
1505 1506 0.58
1505 1477 0.99
1505 1479 0.99
1505 1507 0.42
1505 1480 0.99
1505 1481 0.99
35 1009 0.99
1508 1350 0.73
1508 377 0.99
1508 868 0.64
1508 869 0.99
507 503 0.98
507 505 0.99
507 506 0.99
507 509 0.99
507 511 0.99
507 513 0.99
507 516 0.99
1509 3 0.65
1509 1510 0.97
935 842 0.8
935 1511 0.72
935 30 0.51
344 1512 0.36
344 345 0.94
344 346 0.94
344 140 0.94
344 347 0.99
1513 619 0.64
1513 1220 0.88
1513 106 0.33
1513 107 0.64
1513 1514 0.54
1515 1516 0.5
1517 212 0.56
1518 56 0.39
1518 57 0.77
1518 1519 0.3
1518 583 0.41
234 1520 0.45
234 365 0.45
234 1521 0.53
1522 313 0.9
1523 1524 0.7
1523 1525 0.99
1526 317 0.29
1526 1331 0.29
1526 128 0.39
1526 1527 0.29
1526 1528 0.38
1526 1529 0.39
1526 1530 0.39
1526 441 0.29
1531 1532 0.36
1531 1533 0.36
1531 622 0.44
1531 625 0.45
1534 1535 0.99
1534 1536 0.99
1467 1537 0.77
1467 579 0.66
1467 133 0.38
1467 134 0.51
1538 249 0.33
1538 1539 0.94
1540 1541 0.61
1540 783 0.83
1540 3 0.34
1540 1542 0.34
1540 137 0.99
1543 1530 0.33
1544 8 0.29
1544 1177 0.39
1544 757 0.29
1544 1545 0.39
1544 11 0.29
1544 56 0.74
1544 1331 0.29
1544 1546 0.39
1544 1547 0.97
1544 1542 0.39
1544 554 0.29
1544 1336 0.39
1544 1548 0.39
1544 1549 0.39
1544 208 0.65
1544 727 0.39
1550 859 0.77
185 1551 0.42
185 1182 0.4
185 186 0.84
185 187 0.98
185 188 0.84
185 189 0.98
185 1552 0.38
185 432 0.98
185 190 0.97
185 191 0.98
543 1553 0.86
543 61 0.99
543 1554 0.99
1555 1422 0.56
1555 1270 0.87
1555 1556 0.99
1377 128 0.9
1377 254 0.49
1377 1302 0.6
1557 1124 0.99
459 236 0.43
459 1558 0.97
459 462 0.94
459 463 0.72
459 1559 0.51
593 114 0.64
593 9 0.87
593 11 0.64
593 595 0.94
593 1560 0.87
593 596 0.77
593 597 0.94
593 598 0.96
593 599 0.87
593 601 0.99
593 602 0.94
593 1561 0.94
593 410 0.75
593 605 0.99
1562 1563 0.39
1564 560 0.45
1565 242 0.3
1565 911 0.3
1565 1566 0.84
1567 836 0.29
1568 467 0.4
1568 56 0.29
1568 236 0.3
1569 1570 0.97
1571 1560 0.99
1572 1573 0.99
1574 317 0.3
1574 56 0.3
1574 581 0.3
1574 65 0.29
1124 3 0.4
1124 580 0.99
1124 1575 0.97
1124 98 0.99
1576 1577 0.99
1576 1578 0.97
683 129 0.3
683 55 0.41
683 864 0.29
683 3 0.4
683 318 0.4
683 137 0.29
683 836 0.3
683 38 0.3
683 150 0.3
683 684 0.98
683 301 0.3
1579 1580 0.99
1579 514 0.48
664 658 0.99
664 659 0.99
664 665 0.93
664 666 0.99
664 667 0.93
664 748 0.99
664 668 0.98
664 669 0.93
664 670 0.99
664 750 0.97
1581 55 0.29
1581 11 0.77
1581 3 0.84
1581 1099 0.39
1581 12 0.63
1581 236 0.43
1581 18 0.82
1581 1005 0.3
367 1240 0.31
367 365 0.95
367 1582 0.32
367 1583 0.33
367 1584 0.32
367 369 0.95
518 227 0.32
518 1472 0.44
518 229 0.45
518 252 0.77
518 233 0.92
518 787 0.45
518 446 0.4
518 239 0.74
518 849 0.36
518 241 0.41
1267 53 0.66
1267 56 0.66
1585 55 0.99
1585 3 0.85
1585 582 0.96
1585 1211 0.92
1585 64 0.51
71 70 0.77
71 1586 0.37
71 72 0.8
71 1587 0.78
205 752 0.33
205 852 0.97
1588 55 0.99
1588 93 0.36
1588 1589 0.66
1588 3 0.28
1588 74 0.64
1588 1590 0.98
1588 1583 0.36
1588 579 0.99
1588 1591 0.37
1588 885 0.29
1588 64 0.68
1588 1592 0.99
1476 1472 0.92
1476 1473 0.95
1476 1474 0.98
1476 1506 0.98
1476 1479 0.98
1476 1507 0.92
1476 1480 0.98
1593 64 0.4
1593 193 0.4
1458 1594 0.32
1458 1595 0.32
1458 1378 0.32
1458 143 0.3
1458 1596 0.32
1458 1597 0.32
1506 1477 0.98
1506 1479 0.99
1506 1480 0.99
1598 258 0.3
1598 1599 0.4
1600 131 0.99
1600 1601 0.86
1602 354 0.36
1602 356 0.9
1602 358 0.34
711 829 0.96
711 1603 0.99
711 580 0.99
711 1604 0.95
711 713 0.43
1161 8 0.86
1161 1159 0.59
1161 3 0.86
1161 27 0.99
1161 18 0.34
1161 106 0.37
1161 483 0.99
1161 1163 0.94
1161 107 0.98
1161 1164 0.97
1605 467 0.4
1324 857 0.34
1324 1606 0.77
1607 1608 0.4
1607 1609 0.4
1610 128 0.48
1611 1612 0.48
280 114 0.86
280 8 0.63
280 9 0.63
280 11 0.84
280 3 0.59
280 236 0.48
280 579 0.63
280 281 0.99
280 282 0.99
280 1613 0.99
280 64 0.34
280 257 0.87
280 1614 0.34
280 283 0.99
435 108 0.74
435 433 0.84
435 438 0.98
435 111 0.98
435 112 0.98
236 95 0.29
236 38 0.3
236 517 0.29
1615 1616 0.99
1617 773 0.29
1617 1618 0.29
1617 1619 0.39
1620 3 0.79
1620 64 0.84
1379 1621 0.99
1379 44 0.35
1622 1454 0.29
1622 836 0.29
1623 1624 0.36
1623 904 0.31
1623 408 0.89
1623 409 0.77
1623 943 0.32
1623 411 0.59
1625 1626 0.77
1625 973 0.84
1627 1245 0.59
1627 1628 0.39
1627 1629 0.4
1627 101 0.29
1627 1630 0.4
1631 376 0.29
1631 1632 0.4
1631 318 0.4
1631 388 0.4
119 54 0.42
119 50 0.77
219 1240 0.99
219 272 0.67
219 1099 0.28
219 218 0.9
219 1633 0.59
219 1269 0.94
219 357 0.87
219 358 0.94
219 289 0.91
219 1196 0.99
219 220 0.97
549 550 0.99
549 551 0.5
1634 955 0.66
1634 1635 0.99
1634 1636 0.99
1637 1638 0.7
1639 467 0.45
1639 3 0.36
1639 56 0.34
1640 216 0.98
1640 1641 0.82
951 8 0.66
951 3 0.7
951 1124 0.45
951 579 0.98
951 470 0.94
1042 687 0.6
1042 580 0.63
1042 1044 0.99
1042 1045 0.99
1642 1001 0.63
665 658 0.9
665 659 0.96
665 662 0.88
665 666 0.96
665 667 0.9
665 748 0.88
665 668 0.75
665 669 0.69
665 670 0.97
665 750 0.93
1643 1644 0.29
1645 865 0.84
1645 1646 0.39
1645 50 0.79
1647 56 0.3
1428 1429 0.99
1648 801 0.29
1648 1649 0.3
399 1650 0.31
399 763 0.97
399 394 0.49
399 1651 0.77
399 135 0.48
399 396 0.99
399 398 0.99
399 1623 0.46
399 400 0.99
399 196 0.75
399 298 0.64
399 404 0.99
399 405 0.97
399 406 0.94
399 407 0.9
399 410 0.96
399 412 0.99
1652 8 0.66
1652 653 0.59
1652 3 0.48
1652 655 0.99
594 124 0.48
594 56 0.59
594 977 0.99
594 1653 0.99
1654 992 0.64
1654 1655 0.71
44 1656 0.98
44 566 0.96
44 1265 0.99
44 1657 0.56
44 380 0.35
44 51 0.69
44 949 0.34
44 1658 0.68
44 140 0.31
44 1266 0.99
44 1659 0.73
44 150 0.99
95 11 0.58
95 162 0.53
1660 522 0.36
1660 8 0.66
1660 265 0.75
1660 55 0.64
1660 3 0.3
1660 819 0.64
1660 1661 0.68
1660 437 0.81
1660 17 0.75
1660 18 0.36
1660 19 0.36
1660 133 0.29
1660 1662 0.68
1660 22 0.75
1660 492 0.61
1660 1663 0.31
1664 382 0.4
1664 236 0.3
1665 1666 0.39
1665 1667 0.39
1665 1668 0.39
1665 1669 0.39
1665 476 0.29
1665 162 0.77
1665 1670 0.39
1665 788 0.77
1665 137 0.41
1665 278 0.39
1671 8 0.3
1671 318 0.4
355 354 0.99
355 356 0.99
355 358 0.94
355 1672 0.83
355 220 0.5
1673 317 0.3
1673 467 0.4
1673 56 0.3
1673 1099 0.29
1673 128 0.4
1673 205 0.3
1673 44 0.3
1673 801 0.29
1673 787 0.4
1673 137 0.34
1673 299 0.29
1673 1066 0.29
1674 1675 0.36
1674 1676 0.36
1674 383 0.31
1674 96 0.31
1674 1677 0.31
1674 106 0.31
1674 1678 0.36
162 1679 0.33
162 501 0.33
162 1680 0.33
162 502 0.33
162 503 0.83
162 505 0.84
162 3 0.8
162 1207 0.83
162 506 0.53
162 507 0.76
162 1209 0.83
162 508 0.81
162 1681 0.33
162 509 0.74
162 510 0.83
162 511 0.74
162 512 0.73
162 513 0.74
162 515 0.8
162 1682 0.83
162 1213 0.7
162 516 0.53
1683 590 0.9
1683 839 0.98
1683 840 0.98
1683 364 0.82
1683 956 0.93
1683 38 0.37
666 46 0.76
666 686 0.3
666 658 0.99
666 659 0.99
666 662 0.84
666 746 0.99
666 667 0.99
666 1269 0.35
666 748 0.99
666 1102 0.51
666 668 0.99
666 669 0.88
666 670 0.99
666 750 0.99
792 114 0.82
792 8 0.82
792 9 0.64
792 731 0.34
792 11 0.75
792 1684 0.36
792 295 0.5
792 18 0.79
792 156 0.36
792 61 0.82
792 22 0.89
792 1243 0.82
792 793 0.99
792 794 0.99
1685 1399 0.77
1686 1687 0.36
1686 1688 0.76
509 1679 0.4
509 1680 0.4
509 503 0.4
509 510 0.39
509 511 0.73
509 1212 0.63
58 376 0.41
1689 999 0.29
1429 1424 0.99
1429 1430 0.99
1429 1690 0.86
1691 1692 0.77
1691 1204 0.84
1693 1694 0.39
1693 849 0.4
214 1695 0.77
214 1696 0.28
214 377 0.48
214 1697 0.36
214 215 0.99
214 994 0.68
214 18 0.52
214 61 0.71
214 285 0.3
214 298 0.56
214 22 0.28
214 1261 0.58
1527 208 0.45
1527 1698 0.45
338 339 0.99
595 1676 0.36
595 596 0.99
595 597 0.99
595 598 0.99
595 599 0.99
595 600 0.99
595 601 0.99
595 602 0.99
595 605 0.94
1699 1700 0.29
1701 1702 0.85
1703 1522 0.81
1703 18 0.68
1704 1705 0.4
1704 83 0.37
1704 1187 0.99
1704 1189 0.97
1704 261 0.37
1704 1706 0.94
144 522 0.59
144 874 0.38
144 1271 0.53
144 53 0.72
144 1551 0.3
144 56 0.72
144 975 0.8
144 1707 0.53
144 553 0.43
144 1708 0.53
144 1709 0.74
144 377 0.71
144 1710 0.53
144 1063 0.72
144 1711 0.72
144 106 0.32
144 298 0.92
144 1066 0.47
144 1712 0.53
144 1310 0.53
1713 11 0.29
1713 95 0.29
1714 148 0.4
1618 1709 0.73
1618 1290 0.8
1715 97 0.29
1716 3 0.36
1716 1717 0.98
1716 469 0.74
1718 932 0.59
1547 55 0.43
1547 3 0.84
1547 1719 0.29
1547 567 0.3
1547 236 0.3
1547 1720 0.39
1547 582 0.3
1721 258 0.34
1721 3 0.4
1721 572 0.34
1721 137 0.41
1721 169 0.41
76 1722 0.99
76 77 0.99
1723 590 0.99
1723 657 0.59
1723 660 0.66
1723 17 0.99
1723 670 0.99
1724 572 0.88
1724 420 0.38
1725 547 0.29
1725 3 0.39
1725 1726 0.39
1725 1727 0.98
805 389 0.98
805 806 0.99
805 720 0.99
805 402 0.99
805 808 0.99
805 688 0.99
805 721 0.99
805 411 0.99
805 810 0.99
1709 1357 0.39
1709 1728 0.39
1709 1368 0.29
1709 1729 0.37
1709 61 0.29
1730 1709 0.99
1553 1554 0.99
1731 1732 0.99
939 1733 0.3
939 8 0.95
939 1695 0.57
939 55 0.88
939 93 0.58
939 11 0.71
939 3 0.7
939 212 0.32
939 56 0.97
939 57 0.36
939 579 0.99
939 994 0.34
939 18 0.93
939 97 0.91
939 61 0.3
939 1211 0.99
939 64 0.4
1492 1144 0.6
1492 1491 0.29
1492 1145 0.6
1492 1734 0.91
1492 1735 0.99
1736 317 0.3
1736 236 0.3
1736 44 0.41
1736 137 0.29
1736 1084 0.29
1736 18 0.4
288 8 0.66
288 417 0.36
288 9 0.66
288 142 0.58
288 18 0.68
288 849 0.75
1737 1738 0.83
1737 910 0.63
1737 3 0.98
1737 1394 0.99
1737 1685 0.98
1737 933 0.34
1737 1739 0.3
1737 1740 0.71
1737 1399 0.62
1737 64 0.34
1737 67 0.87
1741 236 0.3
1742 1679 0.65
1742 1680 0.45
1742 503 0.82
1742 504 0.41
1742 507 0.77
1742 511 0.43
1742 515 0.45
1402 529 0.7
1402 493 0.99
1743 1744 0.31
612 613 0.99
612 614 0.99
612 615 0.5
1745 1746 0.99
1747 1748 0.99
1747 1749 0.99
1747 1750 0.97
1747 1751 0.99
27 24 0.86
27 26 0.92
27 650 0.99
27 651 0.99
27 482 0.97
27 483 0.81
27 652 0.97
27 1234 0.5
27 410 0.75
27 30 0.99
1752 171 0.99
1752 56 0.47
1752 1621 0.99
1752 1753 0.99
1754 55 0.74
1754 1755 0.32
1754 1756 0.32
1754 97 0.72
1754 38 0.29
1009 1695 0.75
1009 1318 0.99
1009 567 0.9
1009 1757 0.31
1758 56 0.3
1758 254 0.3
1759 1532 0.45
1759 1760 0.63
1759 1761 0.65
1043 3 0.48
1043 1039 0.86
1043 1040 0.99
1043 710 0.33
1043 1042 0.98
1043 1688 0.34
1043 18 0.92
1043 1044 0.99
1043 64 0.34
1043 1045 0.99
1762 579 0.29
1762 65 0.3
253 113 0.54
253 151 0.97
253 249 0.87
253 152 0.81
253 44 0.94
253 1763 0.39
253 1764 0.81
253 402 0.38
253 471 0.99
253 150 0.98
253 1765 0.99
634 1766 0.63
634 163 0.95
634 1551 0.39
634 323 0.29
634 878 0.41
634 1585 0.41
634 1155 0.74
634 635 0.95
1767 3 0.65
1767 207 0.29
1767 1297 0.4
1767 1768 0.98
1769 1770 0.65
1769 1771 0.65
1769 3 0.4
1769 318 0.4
1769 975 0.4
1769 436 0.38
1769 137 0.41
1769 555 0.29
1772 1300 0.52
377 8 0.9
377 731 0.3
377 1551 0.92
377 1773 0.83
377 116 0.76
377 1071 0.3
377 1774 0.3
377 117 0.3
377 1775 0.28
377 74 0.7
377 1776 0.3
377 834 0.36
377 1764 0.91
377 1777 0.85
377 895 0.76
377 1521 0.72
377 61 0.76
377 285 0.51
1778 1465 0.99
1779 973 0.68
198 678 0.32
198 1780 0.76
198 402 0.96
198 403 0.97
198 440 0.3
198 406 0.98
198 408 0.92
198 409 0.73
198 943 0.98
198 411 0.98
198 412 0.63
1578 1577 0.76
1578 1781 0.99
1578 1782 0.97
1578 1783 0.98
1784 1785 0.97
1786 594 0.95
1786 358 0.77
1787 115 0.98
1787 3 0.58
1787 1052 0.86
1787 579 0.34
1787 1788 0.84
120 119 0.99
120 50 0.99
1560 1789 0.33
1560 601 0.52
1560 1790 0.99
1560 1561 0.97
1560 410 0.28
1692 1791 0.85
1692 787 0.45
1692 1792 0.85
1793 1794 0.99
1793 1556 0.98
1795 414 0.65
696 692 0.99
696 911 0.87
696 697 0.99
696 698 0.99
1796 1797 0.34
1798 1799 0.99
294 964 0.99
294 965 0.99
1800 522 0.8
1800 114 0.29
1800 8 0.58
1800 1056 0.51
1800 1676 0.8
1800 265 0.95
1800 1801 0.8
1800 54 0.94
1800 1802 0.8
1800 1803 0.33
1800 1804 0.51
1800 318 0.33
1800 1805 0.32
1800 1376 0.33
1800 1806 0.33
1800 12 0.53
1800 819 0.3
1800 13 0.83
1800 1724 0.74
1800 1807 0.3
1800 1808 0.83
1800 17 0.83
1800 18 0.33
1800 1809 0.51
1800 19 0.33
1800 1810 0.83
1800 1662 0.33
1800 1811 0.53
1800 440 0.3
1800 1812 0.53
1800 1813 0.33
1800 1663 0.32
1497 47 0.76
1497 951 0.78
1814 1815 0.99
1180 1816 0.36
1817 115 0.92
1817 405 0.99
164 1239 0.95
164 1240 0.84
164 633 0.92
164 878 0.76
164 218 0.72
164 357 0.58
164 358 0.97
164 635 0.73
1818 53 0.35
1818 548 0.55
1818 3 0.59
1818 549 0.66
1818 1708 0.51
1818 1819 0.35
1818 554 0.8
1818 420 0.51
1818 550 0.66
1818 298 0.84
1818 1820 0.33
368 364 0.71
1821 1070 0.32
1822 3 0.45
1822 1823 0.37
1822 1419 0.98
1822 107 0.99
1822 1824 0.99
1799 154 0.62
1799 1656 0.87
1799 1825 0.73
1799 56 0.43
1826 975 0.42
1827 8 0.29
1827 1828 0.4
1829 706 0.59
1830 505 0.37
1780 389 0.29
1780 392 0.77
1780 402 0.85
1780 403 0.97
1780 406 0.41
1780 408 0.98
1780 409 0.98
1780 943 0.41
1780 411 0.98
1780 412 0.64
898 899 0.98
1831 250 0.93
1291 8 0.3
1291 1159 0.9
1291 1158 0.99
1291 481 0.99
1291 1162 0.32
1291 27 0.93
1291 483 0.99
1291 1163 0.28
1291 1164 0.99
1291 1165 0.64
1291 200 0.99
1832 657 0.98
1832 3 0.93
1832 644 0.38
1832 18 0.38
1832 1833 0.9
1834 1835 0.95
1834 135 0.31
1834 1836 0.3
1837 936 0.4
437 128 0.47
1838 249 0.67
1838 1426 0.48
1838 16 0.77
1838 1839 0.99
1840 1841 0.4
1840 1842 0.98
1722 75 0.99
1722 77 0.99
511 1680 0.3
511 503 0.95
511 506 0.3
511 512 0.83
511 515 0.78
1843 42 0.58
1843 1687 0.68
1843 1686 0.66
345 522 0.51
345 341 0.63
345 1512 0.63
345 1720 0.51
1764 152 0.79
1844 291 0.32
1844 3 0.36
1844 1700 0.34
1845 1846 0.29
1845 1099 0.29
312 43 0.62
312 144 0.55
312 1847 0.64
312 422 0.29
356 354 0.99
356 357 0.87
356 358 0.94
356 1672 0.99
356 359 0.99
356 289 0.91
356 220 0.94
438 371 0.58
438 78 0.99
438 55 0.98
438 1017 0.99
438 3 0.3
438 56 0.99
438 110 0.67
438 1244 0.99
438 819 0.71
438 434 0.83
438 86 0.91
438 87 0.99
438 1018 0.99
438 111 0.99
438 88 0.95
438 156 0.56
438 89 0.99
438 1504 0.84
438 1020 0.61
940 3 0.63
940 64 0.48
823 1848 0.73
823 74 0.62
823 820 0.99
823 18 0.72
823 1849 0.4
823 1809 0.29
823 1788 0.99
1850 55 0.99
1850 757 0.99
1850 1687 0.99
1850 1688 0.65
1851 1852 0.29
1853 975 0.4
1853 1854 0.29
1853 38 0.3
959 958 0.49
959 856 0.99
959 960 0.94
499 1286 0.99
499 977 0.99
1855 1856 0.32
1855 515 0.51
1855 736 0.33
1855 1857 0.97
87 1018 0.97
87 88 0.99
87 89 0.99
1054 701 0.39
1054 1150 0.4
1054 1858 0.29
1054 1151 0.29
1859 382 0.4
1859 999 0.29
1860 55 0.98
1860 3 0.38
1860 1230 0.99
1860 1861 0.56
1862 567 0.99
1862 1550 0.66
1862 580 0.36
1862 1863 0.99
1862 440 0.37
1286 1864 0.38
1286 977 0.87
1657 1865 0.94
1657 1659 0.99
1866 708 0.41
1867 1646 0.39
1867 1868 0.39
1867 1869 0.39
1870 357 0.39
1871 823 0.41
1063 1169 0.45
1063 999 0.28
1063 1093 0.64
1872 128 0.4
1872 1873 0.38
1872 236 0.3
1872 162 0.43
1874 1875 0.39
1876 1656 0.66
1876 582 0.88
1876 859 0.99
844 54 0.82
844 3 0.68
844 107 0.72
844 1614 0.33
1178 1056 0.31
1178 1285 0.33
1178 771 0.32
1178 1877 0.32
1178 1878 0.32
1178 1879 0.53
1178 16 0.32
1178 1880 0.32
1178 787 0.32
1178 1881 0.3
726 249 0.56
726 1882 0.58
726 208 0.99
726 727 0.99
726 728 0.96
726 729 0.99
1883 371 0.61
1883 57 0.67
1883 583 0.58
1884 1885 0.38
1884 116 0.98
1884 59 0.36
1884 61 0.99
1884 1886 0.94
1884 63 0.99
1887 628 0.4
1887 1326 0.39
1882 249 0.6
1882 351 0.85
1888 1889 0.44
1888 1569 0.99
1888 1890 0.97
1888 1570 0.9
788 1891 0.32
788 1892 0.33
788 1893 0.32
788 1697 0.8
806 720 0.88
806 402 0.96
1894 162 0.93
512 502 0.48
512 503 0.48
512 3 0.7
512 1209 0.48
512 1895 0.48
846 628 0.75
1896 1099 0.39
1896 1327 0.29
1897 57 0.56
1897 44 0.99
1897 1898 0.37
1897 61 0.74
1899 1900 0.45
96 1545 0.39
96 1069 0.29
1269 1240 0.94
1269 272 0.67
1269 1394 0.44
1269 218 0.9
1269 357 0.93
1269 358 0.94
1269 635 0.83
1269 1196 0.9
1901 328 0.32
1902 249 0.3
1902 1002 0.98
1902 704 0.39
215 337 0.58
215 117 0.75
215 1696 0.3
215 1903 0.37
215 295 0.61
215 994 0.36
1904 1576 0.39
1904 1578 0.41
868 204 0.77
868 1744 0.29
868 869 0.85
429 426 0.29
429 431 0.99
429 188 0.99
1905 1906 0.58
1905 168 0.51
1905 424 0.39
1905 1907 0.99
1905 1522 0.66
1905 1908 0.37
1905 1909 0.3
1905 1910 0.88
1911 998 0.33
1911 3 0.33
1911 975 0.33
1911 132 0.33
1911 18 0.53
1911 285 0.32
1911 1912 0.41
641 204 0.99
1018 86 0.93
1913 1454 0.29
596 598 0.55
596 599 0.99
596 600 0.99
596 601 0.99
596 602 0.78
596 605 0.99
881 322 0.31
881 1914 0.36
881 1069 0.31
1915 57 0.62
1916 56 0.3
1916 137 0.41
1916 420 0.4
1917 55 0.99
1917 3 0.89
1917 1918 0.3
1917 579 0.99
1917 582 0.99
1917 1469 0.81
1917 64 0.86
720 1919 0.32
720 1920 0.33
720 808 0.5
720 688 0.98
720 721 0.98
720 411 0.98
720 810 0.93
1921 1922 0.9
339 317 0.3
856 3 0.63
856 1295 0.29
856 1923 0.4
1794 628 0.33
1794 1556 0.33
1677 554 0.29
137 3 0.75
137 135 0.74
137 51 0.71
137 38 0.97
1924 275 0.34
1924 1925 0.36
1084 1926 0.39
1084 298 0.3
1927 1928 0.75
1927 1929 0.37
1865 495 0.39
1865 1930 0.29
1865 25 0.3
1865 1931 0.55
1865 1932 0.4
1865 150 0.41
1129 1001 0.45
579 1933 0.56
579 64 0.66
1934 1120 0.77
1934 1734 0.69
1934 1492 0.99
1934 1735 0.68
1934 1905 0.83
1934 61 0.98
960 1935 0.84
960 204 0.3
960 128 0.4
960 958 0.77
960 208 0.39
960 1936 0.65
960 285 0.4
1937 350 0.85
1082 55 0.67
1082 3 0.4
1082 1632 0.76
1082 1394 0.99
1082 97 0.68
1082 98 0.99
1938 376 0.76
1938 1939 0.51
1940 39 0.28
1941 157 0.99
281 252 0.99
281 282 0.99
281 257 0.99
281 283 0.99
1942 1062 0.3
1942 1943 0.87
1942 1702 0.98
254 204 0.63
254 56 0.96
254 144 0.43
254 1944 0.3
254 61 0.99
254 1945 0.29
254 257 0.99
1946 3 0.4
1946 56 0.3
1946 801 0.29
1946 1947 0.4
1946 849 0.39
1948 236 0.3
1949 495 0.32
1949 1695 0.64
1949 249 0.31
1949 1903 0.64
1949 1950 0.34
1949 144 0.41
1949 554 0.32
1949 994 0.45
1949 61 0.32
1949 1951 0.36
1952 1396 0.39
1953 892 0.57
1953 3 0.58
1953 18 0.34
1953 1469 0.53
1953 885 0.99
1953 64 0.54
1028 290 0.99
1954 1172 0.99
1955 696 0.29
111 433 0.37
111 56 0.99
111 58 0.98
111 1956 0.37
111 61 0.99
111 112 0.99
1957 522 0.36
1957 8 0.8
1957 831 0.29
1957 11 0.81
1957 3 0.88
1957 499 0.66
1957 18 0.36
1957 582 0.97
1957 1958 0.55
1959 42 0.66
1959 212 0.59
1959 436 0.48
1248 1960 0.39
1248 1961 0.98
1962 317 0.3
1962 236 0.3
597 8 0.4
597 589 0.96
597 596 0.98
597 599 0.96
597 600 0.99
597 601 0.88
597 602 0.99
597 605 0.94
1963 1964 0.45
1965 1966 0.99
1965 1903 0.38
1965 1967 0.32
1965 378 0.38
651 24 0.99
651 650 0.99
651 1287 0.67
651 652 0.99
651 30 0.99
306 1968 0.39
306 1969 0.65
555 140 0.87
1970 80 0.74
1970 1971 0.99
1970 1282 0.37
1972 975 0.48
1972 1973 0.48
1191 230 0.27
1191 238 0.97
1191 639 0.87
1191 240 0.99
379 812 0.88
1974 1378 0.45
1974 1975 0.58
1976 363 0.3
1976 366 0.77
1976 367 0.41
1976 369 0.65
1977 56 0.51
88 85 0.56
88 86 0.93
88 1018 0.9
88 89 0.99
88 1504 0.97
88 1019 0.99
88 517 0.66
88 1020 0.99
1978 1979 0.84
1092 695 0.93
1525 121 0.29
1525 1524 0.82
1525 1980 0.84
1981 317 0.3
1981 553 0.29
1981 859 0.39
1981 1698 0.4
1982 376 0.29
1982 337 0.29
1982 553 0.29
1982 128 0.65
1982 205 0.29
1982 554 0.29
1982 380 0.39
1982 895 0.29
1983 1984 0.3
1985 56 0.3
1985 775 0.39
1985 57 0.3
1985 350 0.3
1985 1879 0.4
1985 554 0.29
1985 436 0.39
1985 580 0.29
1985 61 0.41
1986 1987 0.4
1988 1989 0.99
996 1990 0.84
1991 1992 0.36
1991 1993 0.31
1991 3 0.45
1991 1889 0.34
1991 1994 0.82
1991 1569 0.41
1991 1888 0.95
1991 30 0.39
1991 1890 0.95
1991 1570 0.95
580 830 0.27
580 831 0.68
580 55 0.94
580 1995 0.36
580 1604 0.97
580 713 0.99
580 517 0.3
1996 376 0.74
1649 955 0.4
1649 350 0.3
1649 788 0.3
1649 65 0.41
1131 706 0.59
708 1997 0.64
1998 133 0.71
1999 2000 0.45
1495 96 0.94
1495 440 0.97
97 831 0.64
97 318 0.89
97 2001 0.87
97 580 0.64
97 106 0.99
97 133 0.82
97 107 0.83
97 713 0.83
97 2002 0.85
97 98 0.99
431 291 0.74
431 1427 0.36
431 866 0.63
431 445 0.45
431 294 0.32
431 895 0.74
431 187 0.31
431 298 0.77
431 65 0.31
401 897 0.75
401 1147 0.99
401 1148 0.99
2003 116 0.66
2003 11 0.44
2003 117 0.88
2003 57 0.64
2003 295 0.99
2003 419 0.67
2003 61 0.79
2003 65 0.66
2004 812 0.39
2005 2006 0.58
2005 1841 0.4
2005 976 0.99
2005 298 0.99
2005 517 0.99
2007 53 0.76
2007 56 0.76
2007 2008 0.33
2007 2009 0.33
2007 61 0.76
2010 55 0.99
614 2011 0.86
614 613 0.99
614 615 0.99
2012 54 0.64
2012 2013 0.98
2014 553 0.59
2014 994 0.48
2014 285 0.48
2015 2016 0.7
2017 2018 0.84
895 911 0.64
895 776 0.67
895 1734 0.3
895 51 0.37
895 208 0.31
895 738 0.94
1302 1301 0.88
1302 859 0.45
1302 904 0.4
2019 2020 0.99
2019 852 0.77
2019 205 0.59
2019 895 0.66
2019 298 0.59
1168 822 0.32
2021 1052 0.33
2021 2022 0.97
245 56 0.34
245 244 0.82
358 163 0.3
358 272 0.77
358 354 0.4
358 2023 0.39
358 357 0.85
358 635 0.29
358 289 0.98
358 1197 0.57
358 1459 0.91
358 1198 0.41
358 220 0.98
89 1017 0.99
89 86 0.99
89 1018 0.99
89 61 0.66
89 1439 0.48
89 1019 0.99
89 1020 0.99
2024 686 0.93
2024 785 0.45
2024 2025 0.41
2026 2027 0.4
2028 249 0.59
2028 57 0.67
2028 583 0.99
2029 2030 0.39
1672 82 0.99
1672 722 0.88
1672 272 0.99
1672 354 0.99
1672 357 0.76
1672 358 0.64
1672 106 0.8
1672 359 0.99
1672 107 0.99
1672 289 0.49
2031 337 0.29
1847 371 0.39
1847 249 0.64
1847 155 0.99
1847 57 0.56
581 924 0.29
346 1157 0.29
346 1512 0.82
346 677 0.39
2032 57 0.64
2032 2033 0.92
2032 583 0.66
2034 129 0.34
2034 114 0.34
2034 495 0.34
2034 9 0.77
2034 142 0.77
2034 55 0.34
2034 11 0.77
2034 554 0.32
2034 18 0.45
2034 97 0.32
2034 156 0.43
2034 133 0.34
2034 2035 0.63
2034 22 0.44
2034 38 0.34
2034 714 0.34
598 597 0.99
598 599 0.99
598 600 0.99
598 601 0.99
598 602 0.99
598 605 0.93
2036 495 0.32
2036 236 0.34
2036 357 0.46
1922 116 0.99
1922 137 0.99
1922 2037 0.99
2038 3 0.65
2038 710 0.32
2038 18 0.84
2038 134 0.34
105 106 0.99
105 107 0.99
2039 258 0.29
2039 852 0.4
2040 2041 0.82
1785 376 0.29
1785 1604 0.3
1785 2042 0.4
106 107 0.99
2043 2044 0.99
2045 249 0.31
2045 57 0.41
2045 420 0.44
599 600 0.99
599 601 0.99
599 602 0.99
599 605 0.94
2046 78 0.99
2046 85 0.66
2046 1504 0.47
1858 528 0.9
1858 44 0.38
2047 166 0.69
2047 18 0.33
488 485 0.38
488 628 0.38
488 419 0.36
488 487 0.83
2048 1695 0.99
2048 1646 0.56
2048 317 0.87
2048 384 0.46
2048 567 0.46
2048 580 0.46
2049 1456 0.96
2050 1484 0.4
2051 203 0.77
2051 204 0.77
2052 56 0.74
2052 344 0.88
2052 345 0.99
2053 1846 0.29
2053 2054 0.39
216 1875 0.96
216 2055 0.94
216 1641 0.99
482 23 0.75
482 114 0.71
482 8 0.53
482 11 0.6
482 24 0.99
482 28 0.84
482 178 0.99
482 483 0.99
482 30 0.95
1729 3 0.28
2056 44 0.32
941 55 0.99
941 3 0.88
941 318 0.68
941 878 0.86
941 940 0.99
941 18 0.36
941 580 0.82
941 942 0.65
178 135 0.88
2057 2058 0.61
2059 150 0.98
2059 64 0.53
2059 849 0.32
1151 1098 0.34
1151 1150 0.82
1151 236 0.34
1151 1152 0.65
615 613 0.99
1154 137 0.99
1154 51 0.51
537 44 0.99
537 18 0.59
537 107 0.47
537 538 0.99
537 540 0.99
455 301 0.43
455 2060 0.97
455 2061 0.49
1397 1395 0.99
1397 1396 0.99
61 757 0.97
61 11 0.82
61 1520 0.36
61 3 0.75
61 56 0.83
61 365 0.36
61 2062 0.75
61 350 0.66
61 162 0.85
61 687 0.85
61 137 0.99
61 1082 0.87
61 1521 0.81
61 1275 0.97
61 2063 0.36
61 65 0.66
61 2064 0.88
2065 533 0.52
133 2066 0.29
133 132 0.63
133 134 0.97
2067 249 0.67
2067 1902 0.67
712 2068 0.56
712 1676 0.36
712 1801 0.36
712 3 0.28
712 710 0.81
712 819 0.82
712 18 0.75
712 2069 0.81
712 67 0.33
1242 163 0.86
1242 631 0.99
1242 1239 0.88
1242 633 0.85
1242 878 0.99
1242 634 0.99
1242 165 0.64
1242 635 0.85
2025 11 0.66
2070 2071 0.39
2070 2072 0.39
2070 2073 0.39
2074 114 0.7
2074 55 0.99
2074 11 0.91
2074 3 0.29
2074 96 0.4
2074 18 0.98
2074 1495 0.99
2074 97 0.66
2074 582 0.99
2074 1211 0.99
2074 1243 0.99
2074 403 0.98
2074 1575 0.98
2074 885 0.99
2074 64 0.85
2074 98 0.99
2075 376 0.29
2075 1892 0.39
2075 18 0.39
196 3 0.61
196 148 0.97
196 405 0.29
1171 53 0.66
1171 212 0.66
1171 56 0.99
1171 1099 0.99
1171 57 0.64
1171 61 0.99
20 9 0.77
20 11 0.29
20 3 0.4
20 677 0.3
20 1724 0.74
20 97 0.29
20 1810 0.4
20 139 0.3
2076 56 0.3
2076 1107 0.84
2076 1246 0.77
2077 1350 0.99
2077 869 0.68
2078 174 0.3
2078 1973 0.39
2078 2079 0.4
2078 177 0.39
2078 626 0.82
2080 236 0.3
2081 57 0.74
29 480 0.96
29 24 0.99
29 686 0.69
29 25 0.99
29 26 0.85
29 27 0.55
29 436 0.28
29 28 0.99
29 482 0.3
29 483 0.74
29 30 0.94
359 354 0.76
359 355 0.91
359 357 0.92
359 220 0.9
134 1695 0.37
134 2082 0.36
134 132 0.99
1002 249 0.64
2083 2084 0.32
2083 2085 0.32
2083 2086 0.32
2083 2087 0.32
2083 2088 0.32
2083 1533 0.32
2083 445 0.32
2083 2089 0.32
2083 2090 0.32
2083 2091 0.32
2083 916 0.32
2083 2092 0.32
2083 2093 0.32
2083 1437 0.32
2083 2094 0.32
2083 2095 0.32
2083 492 0.91
2083 2096 0.31
2083 2097 0.32
2083 2098 0.32
550 920 0.99
550 3 0.59
550 921 0.99
550 551 0.99
2099 203 0.74
2099 204 0.41
2099 2100 0.41
282 114 0.73
282 9 0.66
282 3 0.65
282 1613 0.96
282 257 0.71
282 283 0.99
1329 1376 0.29
1329 2101 0.59
1329 1330 0.99
1329 2102 0.97
2103 2104 0.52
2103 554 0.52
2103 1282 0.52
187 427 0.99
187 186 0.99
187 188 0.99
187 189 0.99
187 432 0.97
187 1282 0.37
187 190 0.99
187 191 0.99
2105 2106 0.38
2105 757 0.38
2105 1295 0.87
2105 1521 0.84
2105 107 0.87
2105 822 0.59
62 66 0.99
1558 305 0.99
1558 457 0.98
1558 458 0.99
1558 461 0.99
1558 462 0.99
893 892 0.99
893 894 0.99
2107 619 0.34
452 2108 0.39
452 18 0.4
452 453 0.98
36 34 0.99
1727 3 0.48
1727 1726 0.99
2109 2110 0.7
2109 410 0.91
2111 225 0.75
2111 2072 0.75
2112 130 0.99
600 589 0.99
600 1021 0.59
600 1314 0.42
600 601 0.99
600 602 0.94
600 605 0.94
2113 522 0.39
2113 1245 0.29
2113 742 0.29
2113 11 0.29
2113 2114 0.39
2113 252 0.29
2113 1205 0.29
2113 36 0.29
2113 1102 0.39
2113 2115 0.39
2113 2116 0.39
2113 257 0.73
461 459 0.66
461 2117 0.42
461 460 0.77
461 463 0.97
461 464 0.94
2118 422 0.4
2119 55 0.99
2119 3 0.81
2119 318 0.36
2119 2120 0.58
2119 1557 0.99
2121 2122 0.39
2121 467 0.39
2121 768 0.4
2121 663 0.29
564 1129 0.29
2123 157 0.66
2124 367 0.64
2124 369 0.69
1236 142 0.44
1236 315 0.44
1236 376 0.4
1236 212 0.44
1236 318 0.49
1236 350 0.99
1236 236 0.44
1236 1764 0.4
1236 580 0.4
1236 1275 0.79
1236 38 0.4
1236 65 0.79
1839 337 0.41
2125 9 0.29
2125 2126 0.4
147 114 0.63
147 258 0.99
147 11 0.97
147 491 0.99
1325 317 0.29
1325 785 0.39
1325 128 0.39
1325 1879 0.39
1325 1378 0.39
1325 2127 0.39
1325 2072 0.39
1325 2128 0.98
1325 2115 0.39
1325 737 0.39
836 766 0.99
836 2129 0.89
836 1487 0.99
774 849 0.39
2130 628 0.63
2131 249 0.77
2131 57 0.77
2131 583 0.41
138 1264 0.34
1788 371 0.53
1788 114 0.41
1788 55 0.99
1788 298 0.51
1788 107 0.94
1788 329 0.99
1788 330 0.99
1788 331 0.99
1788 1165 0.99
557 556 0.29
557 2132 0.39
2133 2134 0.99
2133 2135 0.7
1275 65 0.99
602 2136 0.32
602 2137 0.52
602 2138 0.52
602 382 0.32
602 664 0.52
602 1688 0.52
602 601 0.95
602 605 0.97
1044 0 0.41
1044 2139 0.39
1044 709 0.41
1044 1426 0.39
1044 56 0.3
1044 1040 0.3
1044 236 0.3
1044 294 0.29
1044 1082 0.39
1044 1045 0.98
2140 255 0.99
2141 2142 0.39
2141 1255 0.39
2141 742 0.29
2141 2143 0.39
2141 683 0.29
2141 1905 0.29
2141 38 0.41
2141 2144 0.29
352 351 0.99
352 1882 0.68
2145 137 0.99
2146 495 0.32
2146 578 0.39
2146 11 0.41
2146 3 0.45
2146 579 0.32
2146 2147 0.45
1419 1823 0.37
1419 107 0.99
1419 1824 0.99
2148 998 0.45
2149 610 0.99
2149 2150 0.29
2149 3 0.75
2149 579 0.93
2149 2151 0.54
2149 64 0.63
2152 1745 0.52
2152 388 0.52
2152 2153 0.52
2152 2154 0.52
1430 1424 0.98
1430 1427 0.99
1430 1428 0.99
2155 572 0.49
2155 137 0.99
902 11 0.58
902 951 0.66
902 470 0.66
2156 2157 0.4
2158 1527 0.31
2159 1984 0.99
2160 1265 0.99
2160 1266 0.99
2160 150 0.99
1260 2161 0.59
1260 2162 0.3
1260 657 0.9
1260 57 0.38
1260 18 0.94
1260 2027 0.38
1260 2163 0.59
1260 2164 0.36
1260 1261 0.9
1260 1045 0.39
298 2165 0.51
298 1766 0.8
298 2166 0.53
298 1177 0.3
298 2167 0.3
298 907 0.62
298 2168 0.51
298 2169 0.3
298 205 0.94
298 436 0.61
298 2170 0.51
298 1286 0.29
298 871 0.3
298 895 0.9
298 537 0.41
298 2171 0.73
298 1172 0.64
298 2172 0.98
298 2173 0.91
298 517 0.98
298 1137 0.64
2174 1208 0.29
2174 1209 0.4
1076 584 0.99
2175 2176 0.4
2175 1531 0.43
2175 2177 0.4
2175 1037 0.29
2175 2171 0.4
2175 626 0.63
2178 2179 0.34
2180 1950 0.44
1093 357 0.39
1093 698 0.3
1093 289 0.32
21 417 0.53
21 1071 0.33
21 117 0.32
21 16 0.83
2181 2182 0.32
2181 2110 0.32
307 8 0.39
307 305 0.99
307 544 0.55
307 456 0.99
307 457 0.71
307 546 0.99
307 929 0.99
307 458 0.99
307 953 0.99
307 306 0.99
307 954 0.97
307 465 0.77
530 2183 0.33
530 1112 0.7
530 981 0.33
530 320 0.33
462 2184 0.39
462 463 0.98
462 464 0.85
2185 2186 0.36
2185 1025 0.43
2185 1297 0.36
2185 2187 0.36
2185 2188 0.32
2185 2189 0.32
2185 2190 0.36
582 55 0.94
582 11 0.92
582 3 0.99
582 2191 0.28
582 1918 0.33
582 579 0.73
582 2192 0.49
582 61 0.63
582 1469 0.99
582 1575 0.49
582 885 0.99
582 64 0.9
463 304 0.64
463 1079 0.98
463 460 0.86
463 464 0.99
2037 3 0.35
2193 636 0.4
2193 782 0.4
2193 3 0.88
2193 1588 0.75
2193 1258 0.4
2193 2194 0.45
698 3 0.83
698 694 0.8
698 218 0.72
698 357 0.53
698 18 0.84
698 358 0.7
698 61 0.94
698 697 0.83
698 260 0.97
698 736 0.3
698 2195 0.98
698 1197 0.83
2196 364 0.99
2196 2197 0.48
2198 2199 0.99
2198 1612 0.39
2198 1308 0.81
2198 2200 0.51
2198 436 0.37
2198 615 0.53
2198 1310 0.39
327 325 0.99
327 326 0.99
327 328 0.99
327 329 0.99
327 330 0.99
327 331 0.66
327 332 0.94
165 1239 0.77
165 164 0.67
2201 1621 0.99
2202 2071 0.32
2202 2203 0.32
2202 1310 0.32
2202 2204 0.32
1384 1060 0.3
255 8 0.92
255 2205 0.32
255 2206 0.32
260 697 0.99
260 1197 0.94
2207 2208 0.42
1626 2209 0.32
1626 2210 0.32
1519 2211 0.3
1519 275 0.99
1519 2162 0.28
1519 742 0.33
1519 992 0.28
1519 195 0.76
1519 2212 0.65
1519 318 0.36
1519 57 0.64
1519 34 0.39
1519 1273 0.39
1519 97 0.98
1519 2213 0.54
299 57 0.64
299 350 0.29
299 296 0.99
299 297 0.99
299 301 0.97
299 65 0.88
299 302 0.99
1604 829 0.64
1604 1650 0.68
1604 1603 0.99
1036 1034 0.98
1036 1037 0.99
1717 55 0.98
1717 57 0.67
1717 583 0.89
2214 1651 0.45
2214 358 0.43
2214 736 0.45
2214 1630 0.45
2215 114 0.68
2215 8 0.5
2215 9 0.96
2215 252 0.99
2215 135 0.95
2215 254 0.99
2215 140 0.99
2215 257 0.99
2216 113 0.41
2216 8 0.96
2216 9 0.93
2216 142 0.86
2216 249 0.58
2216 54 0.83
2216 204 0.86
2216 11 0.6
2216 252 0.99
2216 135 0.99
2216 44 0.99
2216 145 0.29
2216 253 0.99
2216 254 0.7
2216 2217 0.38
2216 61 0.54
2216 51 0.99
2216 859 0.99
2216 474 0.28
2216 140 0.99
2216 150 0.99
2216 257 0.7
2218 2219 0.33
2220 2221 0.29
2220 2222 0.98
1330 204 0.99
1330 1376 0.6
1330 1286 0.58
1330 976 0.58
1330 895 0.66
1330 298 0.56
2223 212 0.56
2223 128 0.63
2223 2224 0.66
2223 1922 0.75
2223 2037 0.8
2225 3 0.42
2225 1137 0.99
2226 3 0.39
2226 1327 0.69
2227 2228 0.84
2227 849 0.36
1176 8 0.58
1176 24 0.99
1176 649 0.63
1176 27 0.98
1176 895 0.58
1176 1287 0.39
1176 652 0.55
1176 30 0.99
1469 3 0.48
1469 97 0.59
1469 64 0.77
1469 2229 0.99
2230 350 0.59
2230 788 0.67
2230 133 0.88
2230 157 0.66
2230 65 0.66
2231 1698 0.39
2231 301 0.3
2232 2233 0.99
2232 2234 0.99
1990 995 0.98
2235 486 0.48
2235 61 0.99
2236 137 0.84
2236 603 0.99
1066 2237 0.56
2238 975 0.65
2238 156 0.77
1243 114 0.44
1243 8 0.31
1243 269 0.86
1243 3 0.96
1243 951 0.49
1243 44 0.33
2239 272 0.43
2239 633 0.41
2239 218 0.39
2239 289 0.34
2240 95 0.29
328 326 0.75
328 329 0.99
2241 1420 0.7
2242 2243 0.99
2242 2244 0.98
2242 1064 0.99
2242 64 0.48
169 436 0.39
2245 56 0.3
2245 2246 0.4
2247 2248 0.99
63 2249 0.4
2250 384 0.29
2250 1585 0.29
2250 236 0.3
2250 96 0.3
2250 579 0.74
2250 18 0.39
2250 885 0.3
2250 64 0.84
2250 1488 0.82
2250 67 0.3
2250 99 0.3
1155 1973 0.32
1155 769 0.3
2251 2252 0.88
469 1305 0.29
469 1981 0.29
469 2253 0.39
1163 1159 0.83
1163 1162 0.34
1163 236 0.31
1163 27 0.98
1163 18 0.72
1163 106 0.99
1163 483 0.93
1163 107 0.95
1163 157 0.64
1163 1164 0.93
1163 1165 0.94
513 501 0.39
513 502 0.99
513 503 0.61
513 505 0.61
513 1207 0.39
513 506 0.99
513 1208 0.99
513 508 0.36
513 2254 0.69
513 1213 0.64
513 516 0.43
1258 897 0.99
551 3 0.99
551 106 0.99
551 107 0.99
551 2255 0.94
2256 920 0.41
2256 548 0.77
2256 3 0.36
2256 549 0.39
2256 550 0.77
2256 551 0.77
635 1551 0.85
635 878 0.99
808 806 0.98
808 721 0.94
808 411 0.99
808 412 0.63
808 810 0.99
1148 363 0.98
1148 1146 0.96
1148 1147 0.99
2257 203 0.74
2257 771 0.45
2257 204 0.77
2257 318 0.45
2257 680 0.39
2257 2258 0.34
2259 2260 0.36
2259 1835 0.36
2259 135 0.31
2259 2261 0.36
2259 137 0.77
2259 2018 0.34
2259 1230 0.36
2259 2262 0.32
2259 2263 0.39
1861 1290 0.4
2264 2265 0.66
2264 162 0.56
2264 470 0.58
1466 1079 0.29
1466 878 0.57
1466 1893 0.4
1466 579 0.41
1466 1937 0.39
1466 582 0.48
1466 64 0.84
1466 98 0.32
2266 3 0.36
2266 2267 0.85
1863 566 0.52
1863 2106 0.41
1863 686 0.44
1863 2249 0.72
1863 1294 0.4
1863 567 0.99
1863 1550 0.4
1863 414 0.34
1863 18 0.34
1863 580 0.46
1863 298 0.86
1863 2238 0.53
1863 403 0.53
1863 150 0.48
107 1479 0.31
107 2268 0.89
148 114 0.42
148 2269 0.31
148 195 0.72
148 895 0.64
38 955 0.36
38 8 0.36
38 852 0.99
38 205 0.96
1287 24 0.29
1287 652 0.3
1287 30 0.64
2270 1193 0.31
2270 2271 0.98
1398 955 0.3
2272 580 0.3
2273 2246 0.4
2273 1063 0.29
2273 30 0.39
2274 1465 0.45
447 226 0.74
447 229 0.45
447 230 0.77
447 232 0.43
447 237 0.95
447 239 0.74
447 241 0.34
2275 3 0.32
2275 2276 0.83
1371 41 0.64
1371 816 0.66
1371 951 0.75
403 975 0.33
403 2277 0.83
403 1624 0.33
403 687 0.93
403 402 0.98
403 406 0.98
403 407 0.92
403 98 0.98
403 408 0.98
403 409 0.98
403 943 0.98
403 411 0.98
403 412 0.95
2278 495 0.57
2278 2279 0.62
2278 1065 0.44
2278 212 0.4
2278 117 0.49
2278 975 0.36
2278 377 0.56
2278 436 0.77
2278 97 0.96
2278 895 0.36
1468 2280 0.97
1037 3 0.48
2281 677 0.36
2281 1124 0.99
2282 2283 0.64
1613 114 0.54
1613 279 0.93
1613 252 0.97
1613 281 0.99
1613 283 0.99
531 2284 0.4
531 2285 0.74
531 436 0.28
531 18 0.6
531 532 0.94
1606 376 0.99
2128 436 0.98
2128 2286 0.3
2287 2288 0.87
2287 2289 0.31
924 382 0.4
924 298 0.29
793 297 0.3
793 2290 0.83
793 1619 0.3
2291 45 0.99
2291 46 0.99
2291 946 0.68
2292 2293 0.86
2292 64 0.49
2294 495 0.29
2294 3 0.82
2294 2295 0.4
2294 975 0.4
2294 644 0.4
2294 236 0.3
2296 2027 0.33
2297 1454 0.29
2297 2184 0.39
1070 2298 0.32
1070 2299 0.36
1070 1561 0.31
713 830 0.87
713 55 0.56
713 3 0.86
713 1211 0.58
50 592 0.55
2300 154 0.77
1019 2301 0.36
1019 78 0.99
1019 2302 0.36
1019 2303 0.31
1019 84 0.96
1019 3 0.45
1019 1244 0.99
1019 819 0.46
1019 85 0.99
1019 434 0.47
1019 86 0.96
1019 438 0.97
1019 87 0.99
1019 1018 0.96
1019 18 0.36
1019 1504 0.99
1019 1020 0.99
2304 91 0.52
2304 1729 0.98
2304 2305 0.52
809 808 0.94
809 688 0.99
809 810 0.99
237 238 0.99
237 239 0.87
237 241 0.62
2306 271 0.72
2306 1239 0.81
2306 1240 0.81
2306 1241 0.9
2306 219 0.89
2306 289 0.84
2306 1198 0.7
2306 220 0.9
2307 376 0.99
2308 1745 0.35
2308 2309 0.83
1478 1474 0.65
1478 2310 0.41
1478 1476 0.99
1478 1506 0.58
1478 1477 0.99
1478 1480 0.94
2311 627 0.72
2311 1193 0.95
2311 376 0.92
2311 1248 0.93
2311 1961 0.72
2312 500 0.34
2312 503 0.36
2312 1207 0.44
2312 1208 0.34
2312 507 0.32
2312 1209 0.45
2312 508 0.64
2312 509 0.74
2312 511 0.43
2312 2174 0.34
2312 1895 0.45
2151 2313 0.43
2151 2314 0.95
905 2315 0.85
905 548 0.31
1005 522 0.4
1005 54 0.69
1005 3 0.62
1005 1907 0.46
1005 975 0.46
1005 18 0.39
1005 582 0.99
1005 299 0.98
1005 1469 0.51
48 1520 0.4
48 350 0.3
48 951 0.42
2316 384 0.99
2316 18 0.4
2316 64 0.77
2316 1488 0.99
330 73 0.81
330 11 0.58
330 3 0.28
330 326 0.99
330 18 0.56
330 320 0.36
330 328 0.96
330 329 0.99
330 331 0.99
330 332 0.97
330 1165 0.99
330 1304 0.94
404 2317 0.42
404 763 0.77
404 394 0.99
404 396 0.99
404 398 0.68
404 400 0.99
404 196 0.56
404 405 0.99
404 406 0.94
404 412 0.99
492 275 0.79
2318 2193 0.66
2318 441 0.99
139 128 0.36
139 137 0.99
139 1082 0.77
2319 249 0.67
1744 258 0.99
1479 1472 0.99
1479 1473 0.99
1479 391 0.99
1479 804 0.66
1479 1474 0.29
1479 805 0.99
1479 720 0.99
1479 808 0.99
1479 1477 0.99
1479 1478 0.96
1479 1507 0.99
1479 1480 0.99
1479 1481 0.53
1479 688 0.54
1479 411 0.99
1479 412 0.69
1479 810 0.53
2320 1111 0.34
2321 2322 0.32
2321 2323 0.32
2324 3 0.65
760 742 0.74
760 758 0.95
760 74 0.74
189 1182 0.28
189 427 0.9
189 59 0.3
189 186 0.99
189 188 0.99
189 190 0.99
238 8 0.3
238 229 0.77
238 518 0.99
238 235 0.63
238 106 0.99
238 107 0.99
238 447 0.99
238 1192 0.99
238 239 0.99
238 240 0.94
238 241 0.94
2325 2261 0.39
2326 797 0.75
2327 8 0.35
2327 975 0.7
2327 852 0.48
2327 380 0.41
2327 18 0.48
2328 1200 0.63
2329 1271 0.68
2329 336 0.52
2329 1023 0.99
2329 338 0.83
2329 339 0.84
2329 18 0.36
2329 474 0.36
2329 1024 0.49
1706 1189 0.91
209 38 0.76
1139 135 0.41
1139 44 0.4
1139 1619 0.39
2262 1440 0.66
2330 53 0.47
2330 56 0.3
2330 57 0.67
2331 2332 0.45
2331 51 0.63
1261 249 0.81
1261 418 0.44
1399 1738 0.84
1399 3 0.84
1399 2333 0.65
957 590 0.62
957 839 0.98
957 1928 0.38
957 364 0.94
957 2164 0.3
1192 230 0.56
1192 239 0.89
1192 240 0.58
1192 241 0.3
2002 55 0.77
2002 579 0.29
2002 2010 0.95
2002 98 0.95
538 540 0.99
308 456 0.99
308 929 0.99
308 953 0.99
308 306 0.99
308 463 0.58
308 954 0.97
308 465 0.99
2334 322 0.99
2334 323 0.85
2334 1155 0.99
2335 1230 0.4
1480 1473 0.44
1480 1474 0.99
1480 106 0.99
1480 107 0.99
1480 1477 0.31
1480 1507 0.49
2336 2337 0.4
2336 2338 0.91
2339 545 0.68
2172 243 0.81
2172 517 0.99
2340 57 0.64
1266 1265 0.99
1266 150 0.99
2341 1734 0.68
2341 1003 0.77
1007 1755 0.32
1007 3 0.38
1007 1006 0.99
2342 2343 0.63
2342 1205 0.98
2173 742 0.33
2173 56 0.39
2173 1378 0.51
2173 106 0.35
2173 1516 0.81
2173 1514 0.51
149 236 0.3
149 18 0.4
149 67 0.74
150 291 0.35
150 1265 0.99
150 1657 0.92
2344 9 0.56
2344 2074 0.72
1481 1472 0.99
1481 1646 0.31
1481 1473 0.99
1481 1475 0.87
1481 1476 0.97
1481 1477 0.96
2345 97 0.99
2345 98 0.94
2345 2346 0.99
2347 376 0.29
2347 993 0.29
2347 553 0.29
2347 128 0.4
2347 852 0.65
2347 205 0.3
2347 144 0.3
2347 16 0.4
2347 295 0.4
2347 137 0.29
2347 555 0.41
2347 895 0.77
2347 299 0.29
2347 38 0.29
2348 1237 0.92
2348 708 0.9
2349 534 0.99
2349 895 0.98
2350 128 0.45
2350 357 0.46
2350 289 0.34
2248 1884 0.49
1298 1621 0.99
1298 2351 0.64
1298 106 0.64
1298 61 0.3
1298 107 0.64
1298 2352 0.99
2353 249 0.37
2353 2354 0.32
2353 57 0.93
2353 2194 0.32
1782 1576 0.45
1782 1577 0.39
1782 1781 0.99
2352 56 0.53
2352 1621 0.99
2352 645 0.55
652 30 0.97
2355 1097 0.77
2355 2356 0.99
2357 315 0.63
2357 319 0.99
2357 321 0.98
2357 2358 0.45
432 181 0.99
432 475 0.83
432 427 0.99
432 186 0.89
432 188 0.99
432 189 0.99
432 190 0.99
432 191 0.99
1213 500 0.74
1213 503 0.82
1213 505 0.71
1213 1208 0.3
1213 1209 0.65
1213 508 0.64
1213 509 0.43
1213 510 0.4
1213 511 0.43
1213 515 0.4
1213 1895 0.4
289 355 0.99
289 357 0.77
289 220 0.94
2359 31 0.74
2359 34 0.74
2360 2249 0.75
2360 1315 0.88
2360 2361 0.36
2362 11 0.66
2022 687 0.59
239 229 0.8
239 204 0.84
239 1071 0.32
239 235 0.94
239 2363 0.32
239 2364 0.32
239 2365 0.32
239 240 0.98
239 241 0.78
2366 78 0.99
2366 84 0.99
2366 85 0.56
2041 2068 0.59
2041 1612 0.38
2041 1611 0.99
2367 2368 0.76
2369 849 0.39
1234 24 0.99
1234 650 0.97
1234 651 0.98
1234 652 0.55
1234 30 0.99
2370 548 0.67
2370 550 0.6
2370 551 0.67
2371 56 0.3
2371 819 0.29
2372 41 0.77
2372 56 0.41
2372 1893 0.4
2372 208 0.4
2372 2373 0.77
885 55 0.99
885 3 0.6
885 18 0.99
885 1495 0.99
885 1469 0.98
885 64 0.34
885 942 0.27
721 389 0.99
721 804 0.68
721 402 0.99
721 809 0.99
721 688 0.99
721 406 0.97
721 407 0.85
721 411 0.99
721 412 0.96
721 810 0.99
2374 130 0.99
2374 46 0.86
2374 590 0.76
2374 657 0.7
2374 744 0.98
2374 660 0.66
2374 2375 0.71
2374 670 0.99
406 1612 0.28
406 763 0.99
406 396 0.99
406 398 0.99
406 402 0.52
406 688 0.92
406 405 0.99
406 407 0.94
406 408 0.94
406 943 0.93
406 411 0.99
2376 3 0.65
2376 64 0.82
256 8 0.93
256 831 0.34
256 11 0.52
256 319 0.79
256 321 0.99
256 2358 0.99
407 405 0.53
407 2377 0.99
2378 137 0.66
2379 222 0.34
1164 8 0.82
1164 1160 0.99
1164 27 0.99
1164 483 0.99
1164 1165 0.62
2380 222 0.34
2380 2381 0.36
2380 57 0.34
2380 915 0.45
2380 560 0.45
2380 1436 0.92
2380 1036 0.34
2382 1630 0.3
684 2383 0.68
2384 730 0.84
2384 2385 0.82
2384 297 0.4
706 992 0.53
706 657 0.76
706 18 0.33
966 1612 0.39
966 2386 0.39
966 2387 0.29
966 963 0.65
966 294 0.78
966 964 0.84
966 965 0.96
670 658 0.99
670 1138 0.6
670 975 0.65
670 667 0.99
670 748 0.83
670 668 0.91
670 669 0.67
2388 484 0.41
2388 911 0.31
2389 869 0.85
2390 1114 0.32
1561 2186 0.99
1561 1789 0.99
1561 1571 0.99
1561 601 0.99
1561 1790 0.99
1561 2391 0.99
1561 605 0.99
2392 911 0.31
2392 358 0.43
2392 289 0.77
1196 271 0.99
1196 1240 0.99
98 251 0.99
98 1394 0.47
98 2393 0.76
98 1850 0.97
98 107 0.99
98 30 0.97
98 2346 0.99
2195 697 0.97
576 2092 0.36
583 249 0.84
2394 2395 0.39
2394 2396 0.36
2397 2398 0.34
408 687 0.92
408 402 0.99
408 409 0.99
408 943 0.99
408 411 0.99
408 412 0.99
409 402 0.99
409 406 0.58
409 407 0.95
409 943 0.99
409 411 0.97
409 412 0.99
2399 295 0.48
2400 1324 0.43
2401 18 0.65
301 2402 0.29
301 294 0.45
301 296 0.99
301 297 0.9
301 300 0.93
301 302 0.99
190 124 0.53
190 186 0.83
190 1274 0.51
190 188 0.41
2403 911 0.29
2403 57 0.3
2403 436 0.39
2404 264 0.99
257 114 0.81
257 8 0.81
257 361 0.35
257 3 0.45
257 1079 0.39
257 435 0.64
257 2405 0.56
257 1944 0.85
257 380 0.37
257 18 0.56
257 1809 0.61
257 138 0.71
257 1613 0.97
257 149 0.56
257 283 0.99
65 1305 0.69
65 1651 0.71
65 1754 0.56
65 788 0.99
2406 580 0.87
2406 1211 0.99
464 459 0.77
464 460 0.39
1757 424 0.29
1757 2306 0.29
1757 849 0.39
2391 2186 0.9
2391 593 0.42
2391 1571 0.87
2391 1560 0.99
2391 601 0.99
2391 1790 0.99
347 345 0.62
347 346 0.27
2407 106 0.99
2407 859 0.99
2407 107 0.99
66 92 0.56
66 116 0.55
66 3 0.75
66 212 0.29
66 56 0.99
66 419 0.71
66 61 0.99
66 67 0.56
66 2408 0.83
2409 1331 0.66
1536 2410 0.4
1536 2411 0.3
1536 2412 0.74
2413 8 0.3
2413 162 0.59
2414 57 0.67
2414 583 0.45
954 304 0.99
954 305 0.99
954 456 0.99
954 457 0.33
954 546 0.62
954 929 0.9
954 953 0.99
954 236 0.29
954 465 0.48
2415 1695 0.95
2415 55 0.3
2415 204 0.77
2415 2416 0.63
2417 376 0.29
2417 128 0.4
2417 350 0.74
2417 38 0.3
2418 533 0.59
2055 1875 0.94
2055 1640 0.74
2055 612 0.3
2055 1641 0.84
2419 207 0.39
2419 2420 0.3
2419 137 0.9
2419 2220 0.38
2421 297 0.99
2422 687 0.64
2423 706 0.93
2424 2425 0.92
1045 1040 0.99
1045 301 0.44
2426 203 0.49
112 434 0.56
112 438 0.99
112 2427 0.36
2428 2429 0.31
2428 2430 0.36
2428 2431 0.36
2153 975 0.53
2153 2432 0.53
2153 128 0.33
2153 2433 0.53
2153 300 0.31
67 337 0.29
67 96 0.29
67 18 0.65
67 298 0.3
2434 18 0.33
1765 11 0.58
1765 106 0.99
1765 107 0.99
1238 124 0.55
1238 2161 0.84
1238 1551 0.82
1238 2333 0.65
1238 1396 0.39
1820 2435 0.39
2436 3 0.65
2436 1365 0.4
2437 317 0.3
2437 1301 0.39
2438 2184 0.45
1824 1823 0.51
1824 106 0.94
1824 107 0.99
2439 2093 0.32
2439 64 0.33
332 325 0.89
332 2440 0.3
332 326 0.72
332 328 0.55
332 329 0.99
332 331 0.97
2408 2199 0.99
2280 2441 0.36
1554 3 0.68
1554 2442 0.88
2443 2444 0.32
2445 363 0.43
2445 128 0.45
2445 366 0.77
2445 367 0.77
2445 369 0.82
1653 2446 0.36
1653 1786 0.43
1653 1000 0.32
2154 1521 0.66
1057 567 0.39
1057 59 0.65
1057 2447 0.65
1057 1397 0.3
1057 605 0.3
2448 1835 0.4
2448 578 0.29
2448 3 0.4
2448 56 0.3
2448 2449 0.29
2448 1905 0.79
2448 580 0.3
2448 106 0.3
2229 1407 0.48
1197 1596 0.48
441 3 0.65
441 2450 0.39
738 154 0.56
2451 3 0.82
2451 278 0.39
2452 2453 0.99
2452 2454 0.48
2455 2456 0.84
2455 1004 0.39
2457 497 0.36
517 1493 0.99
2458 128 0.45
2458 18 0.45
2458 2021 0.31
2458 1744 0.31
2458 2022 0.31
2144 156 0.99
584 56 0.59
465 2459 0.29
1890 1570 0.99
2460 270 0.48
2460 430 0.51
2461 1573 0.36
2461 236 0.34
2462 8 0.3
2462 545 0.29
2462 394 0.3
2462 836 0.3
943 389 0.99
943 411 0.99
943 412 0.49
1165 1159 0.58
1165 1161 0.49
1165 329 0.99
1165 331 0.99
2463 762 0.99
2463 1028 0.99
2463 290 0.99
605 41 0.43
605 705 0.41
605 591 0.4
605 1262 0.74
605 2464 0.63
605 1772 0.29
605 1560 0.95
605 1963 0.3
605 601 0.84
605 2465 0.39
605 2238 0.29
605 2466 0.63
605 2391 0.9
605 2467 0.63
2468 590 0.29
2468 744 0.29
302 294 0.99
302 297 0.99
1833 671 0.44
1833 799 0.34
1833 657 0.79
1833 3 0.88
1833 1918 0.49
1833 96 0.56
1833 579 0.58
1833 64 0.88
348 9 0.89
348 341 0.76
348 343 0.77
348 1512 0.83
348 1217 0.8
348 1030 0.38
348 344 0.72
348 345 0.72
2061 340 0.29
2061 376 0.34
2061 392 0.34
2061 402 0.83
2061 2060 0.41
2061 411 0.43
263 2469 0.38
2470 1454 0.34
2471 53 0.29
2471 976 0.29
2471 2472 0.39
2471 895 0.29
2473 2110 0.4
240 229 0.7
240 235 0.48
240 237 0.9
240 241 0.94
1989 2474 0.77
2475 115 0.99
2475 56 0.49
2475 486 0.45
2475 61 0.99
2476 1091 0.37
2476 1092 0.99
2476 357 0.48
2476 1093 0.99
191 630 0.84
191 427 0.99
191 183 0.99
191 44 0.49
191 186 0.99
191 188 0.99
191 189 0.99
191 190 0.99
2102 1376 0.76
2102 2101 0.47
1020 78 0.98
1020 84 0.56
1020 3 0.3
1020 86 0.82
1020 87 0.72
1020 1018 0.7
750 752 0.48
750 656 0.96
750 658 0.63
750 659 0.93
750 667 0.99
750 1102 0.48
750 668 0.99
750 669 0.99
750 670 0.99
411 402 0.99
411 412 0.99
2477 1071 0.45
2477 2478 0.32
2479 812 0.39
2480 812 0.64
2480 337 0.29
2480 236 0.3
2480 379 0.34
2481 2482 0.99
2483 445 0.84
2483 399 0.74
2483 404 0.39
2013 113 0.66
2013 522 0.75
2013 114 0.66
2013 8 0.72
2013 154 0.83
2013 265 0.36
2013 547 0.58
2013 552 0.56
2013 2484 0.75
2013 53 0.66
2013 54 0.86
2013 55 0.64
2013 709 0.58
2013 757 0.56
2013 1687 0.36
2013 2485 0.31
2013 2486 0.58
2013 11 0.79
2013 56 0.55
2013 1621 0.36
2013 710 0.58
2013 1918 0.68
2013 878 0.66
2013 2299 0.31
2013 1124 0.79
2013 236 0.56
2013 58 0.64
2013 59 0.75
2013 1537 0.36
2013 1547 0.64
2013 939 0.79
2013 2487 0.31
2013 295 0.31
2013 96 0.64
2013 1010 0.36
2013 579 0.66
2013 17 0.31
2013 18 0.75
2013 580 0.66
2013 1495 0.66
2013 2192 0.31
2013 61 0.79
2013 138 0.64
2013 582 0.77
2013 921 0.3
2013 63 0.64
2013 402 0.5
2013 403 0.56
2013 713 0.66
2013 1005 0.66
2013 440 0.71
2013 1575 0.66
2013 2349 0.81
2013 714 0.73
2013 64 0.75
2013 65 0.49
2013 1614 0.31
2013 67 0.64
2013 263 0.64
2013 68 0.64
283 114 0.59
283 3 0.63
283 252 0.99
884 522 0.34
884 436 0.35
884 22 0.73
241 203 0.29
241 229 0.82
241 204 0.77
241 230 0.77
241 235 0.82
241 236 0.3
241 446 0.4
68 376 0.76
68 2134 0.83
68 2133 0.72
68 1437 0.32
68 869 0.31
2488 2489 0.39
2488 975 0.65
2488 205 0.74
2488 236 0.3
2488 976 0.41
2488 1852 0.29
2488 895 0.77
2488 172 0.3
2488 65 0.31
532 568 0.84
532 528 0.77
532 2490 0.39
532 578 0.29
532 1900 0.39
532 529 0.95
532 11 0.77
532 1331 0.29
532 1350 0.29
532 567 0.41
532 644 0.39
532 236 0.43
532 939 0.34
532 641 0.29
532 18 0.65
532 133 0.49
532 282 0.74
532 440 0.39
532 2349 0.29
532 301 0.3
532 1757 0.3
532 67 0.3
532 283 0.29
1198 55 0.77
1198 725 0.64
1198 1687 0.45
1198 318 0.84
1198 1041 0.32
1198 711 0.31
1198 1688 0.45
1198 97 0.77
1198 403 0.31
1198 2345 0.41
1198 2491 0.45
1198 98 0.77
1198 1045 0.32
1198 2346 0.77
220 271 0.98
220 1240 0.82
220 1268 0.99
220 354 0.99
220 1602 0.88
220 357 0.53
220 1459 0.98
220 1198 0.98
2492 2493 0.4
2492 1133 0.29
2492 57 0.77
2492 2494 0.77
810 406 0.85
23 480 0.49
52 1205 0.36
52 2149 0.37
534 38 0.64
78 1244 0.39
121 291 0.36
121 682 0.36
121 51 0.36
121 301 0.36
121 2495 0.67
114 2485 0.68
114 1233 0.69
114 2496 0.68
8 55 0.67
8 1124 0.69
8 321 0.67
8 2419 0.67
163 631 0.7
163 1269 0.7
163 1198 0.86
199 2074 0.93
222 914 0.67
222 915 0.87
222 1435 0.79
222 1436 0.79
222 1437 0.35
9 2497 0.7
142 592 0.69
142 859 0.69
142 2497 0.69
1695 2498 0.59
1695 2495 0.57
271 1240 0.92
271 1269 0.7
271 1198 0.68
2279 292 0.62
2279 1286 0.62
2279 137 0.62
2279 976 0.78
2279 297 0.77
2279 298 0.76
2279 299 0.62
2279 65 0.76
2279 517 0.64
2279 2495 0.59
2499 1105 0.62
2499 2500 0.59
313 135 0.3
2501 56 0.64
82 1602 0.68
892 251 0.59
892 2502 0.59
892 894 0.87
892 38 0.59
1195 1461 0.77
812 1998 0.64
2303 2182 0.61
2303 38 0.64
2503 2495 0.61
1088 1091 0.69
1088 1092 0.69
305 953 0.92
305 306 0.68
2504 1318 0.78
2233 2505 0.61
2233 2487 0.61
2233 537 0.64
2440 2506 0.78
2440 61 0.77
480 44 0.32
494 2507 0.7
70 423 0.75
527 56 0.36
527 1575 0.36
533 150 0.7
2508 2509 0.61
2510 1033 0.69
2510 1036 0.69
54 135 0.77
54 2511 0.61
54 65 0.77
1472 1473 0.95
1472 1474 0.95
1472 1394 0.64
1472 1475 0.61
1472 1737 0.9
1472 941 0.95
1472 107 0.64
1472 1477 0.9
1472 1399 0.75
1472 1480 0.95
2512 1683 0.61
2512 921 0.64
2512 2495 0.63
2513 1728 0.59
2513 2514 0.77
2513 2515 0.79
620 2516 0.68
620 1033 0.69
620 1742 0.68
1105 654 0.64
1105 135 0.77
1105 953 0.78
1105 2339 0.64
682 1211 0.37
1318 1010 0.61
1318 2517 0.61
725 728 0.88
709 2419 0.68
716 2495 0.4
2518 1268 0.62
2518 219 0.62
761 1028 0.7
1473 1305 0.59
1473 107 0.63
1473 1477 0.89
766 2238 0.67
789 1534 0.34
789 1588 0.34
789 1536 0.32
789 2412 0.32
789 1592 0.38
590 2519 0.68
2520 534 0.62
2520 1200 0.77
2520 55 0.76
2520 1953 0.78
2520 582 0.62
2520 1211 0.59
2520 1469 0.62
2520 885 0.62
277 137 0.69
277 17 0.68
2521 2522 0.77
2523 2495 0.77
2524 2525 0.63
2526 1297 0.61
1193 1585 0.77
1193 2527 0.61
2528 61 0.77
2529 677 0.63
2529 301 0.64
873 168 0.69
873 2530 0.68
873 2531 0.68
93 55 0.68
93 1211 0.68
798 985 0.95
798 135 0.77
798 2522 0.74
798 51 0.61
798 604 0.76
798 2532 0.57
917 1205 0.69
2533 500 0.78
2533 503 0.77
2533 505 0.79
2533 507 0.78
2533 1864 0.59
2533 1660 0.62
2533 509 0.76
2533 2174 0.59
2533 1213 0.61
2533 516 0.77
2533 2061 0.59
1966 297 0.76
1966 2534 0.76
1966 38 0.61
1966 1070 0.75
1966 2495 0.76
907 570 0.7
907 573 0.68
907 574 0.68
907 517 0.77
2535 1231 0.64
2535 895 0.64
2535 298 0.61
2535 2495 0.61
780 2536 0.36
780 2537 0.36
780 554 0.36
780 380 0.36
780 298 0.35
2538 2511 0.61
2538 2539 0.77
970 136 0.85
970 2496 0.84
970 255 0.67
686 2025 0.62
1474 2540 0.64
1474 1473 0.78
1474 1475 0.76
1474 1506 0.95
1474 2541 0.64
1474 941 0.67
1474 133 0.67
1474 1477 0.95
1474 403 0.75
1474 1507 0.95
1474 1481 0.77
1474 943 0.67
1474 942 0.64
1474 810 0.77
781 250 0.88
781 405 0.84
1021 596 0.89
505 503 0.77
505 506 0.77
505 508 0.64
505 516 0.77
505 2495 0.63
657 1367 0.77
657 746 0.88
657 1004 0.58
1239 631 0.77
1239 1240 0.78
1239 634 0.75
1239 1198 0.75
212 107 0.7
212 2542 0.93
621 624 0.68
621 1036 0.77
985 2525 0.62
985 604 0.77
1240 1241 0.95
693 692 0.68
693 1091 0.69
693 1092 0.69
693 699 0.69
2543 2526 0.78
2543 2544 0.77
2543 38 0.64
2545 2546 0.68
2547 2548 0.77
759 760 0.68
2138 555 0.77
2549 55 0.76
2549 709 0.62
2549 1394 0.62
2549 1674 0.59
2549 2517 0.59
2549 2550 0.77
2551 2365 0.68
659 2552 0.57
659 2553 0.57
659 2554 0.57
659 2555 0.59
659 55 0.57
659 83 0.57
659 872 0.75
659 2556 0.57
659 1069 0.57
659 2557 0.57
659 660 0.95
659 1305 0.57
659 2558 0.57
659 745 0.57
659 746 0.88
659 2559 0.59
659 1933 0.59
659 1598 0.57
659 1752 0.59
659 2560 0.57
659 678 0.57
659 436 0.91
659 2561 0.57
659 2562 0.57
659 667 0.9
659 2563 0.57
659 2546 0.57
659 2564 0.57
659 921 0.73
659 2565 0.71
659 2566 0.59
659 669 0.77
659 670 0.95
659 2515 0.78
659 2567 0.57
293 2502 0.61
2568 55 0.61
2568 162 0.75
2568 137 0.77
2568 582 0.64
2568 859 0.78
1170 436 0.7
1170 2080 0.88
1293 1244 0.7
661 1738 0.67
661 2569 0.69
1303 848 0.32
2570 915 0.78
2570 1437 0.59
2420 1998 0.63
2420 537 0.64
663 746 0.59
619 871 0.35
619 2571 0.78
855 859 0.33
929 298 0.68
1372 1211 0.38
444 447 0.68
878 869 0.69
878 411 0.38
2267 106 0.77
2267 107 0.77
2267 2442 0.77
535 51 0.59
1836 2511 0.61
2044 537 0.64
2044 1504 0.77
1316 1070 0.32
259 859 0.6
350 23 0.69
350 715 0.36
350 811 0.36
350 24 0.69
350 25 0.36
350 26 0.69
350 2572 0.36
350 664 0.69
350 379 0.36
350 483 0.67
350 2573 0.36
350 30 0.69
350 2574 0.36
1471 1507 0.61
834 1200 0.67
834 55 0.71
1190 252 0.35
1190 1737 0.36
1190 1191 0.73
1190 2575 0.35
1041 1875 0.69
695 895 0.62
1873 250 0.78
1873 2088 0.77
1873 2576 0.59
1873 595 0.74
1873 2577 0.59
1873 2072 0.77
1873 405 0.61
1873 1690 0.78
1873 2495 0.59
2578 930 0.64
1515 170 0.68
1515 502 0.68
1515 1109 0.68
1515 645 0.69
1515 1210 0.68
1515 1371 0.69
1515 515 0.68
234 1106 0.32
234 614 0.34
1875 1640 0.61
1875 1689 0.61
1875 1641 0.61
2579 107 0.88
1903 2511 0.61
746 658 0.77
746 664 0.95
746 667 0.77
746 38 0.64
746 668 0.77
746 670 0.92
953 304 0.64
953 2580 0.61
953 537 0.63
1557 55 0.68
1557 2281 0.69
2581 1269 0.7
2581 1091 0.92
2581 1092 0.7
2581 301 0.46
508 291 0.63
508 503 0.77
508 293 0.64
508 506 0.77
508 1841 0.61
508 1830 0.77
508 133 0.77
508 2463 0.64
508 2495 0.61
2582 212 0.64
2582 1130 0.64
2582 1660 0.64
2582 2583 0.65
2582 895 0.65
2582 2542 0.84
2582 517 0.77
2582 1989 0.77
143 528 0.62
143 2584 0.59
143 61 0.62
1571 1790 0.68
1571 605 0.68
664 2585 0.69
664 2586 0.68
664 2587 0.68
664 2588 0.68
617 299 0.69
1585 1200 0.68
1588 1123 0.7
1307 2182 0.61
1307 1578 0.63
2589 816 0.64
711 55 0.3
1615 2590 0.45
1620 356 0.69
2393 1637 0.77
2393 2024 0.57
119 2591 0.7
2592 918 0.61
1042 1040 0.32
131 1601 0.47
1654 895 0.7
44 947 0.69
2593 56 0.78
2593 61 0.78
2594 2595 0.75
2594 1237 0.57
2594 1351 0.75
666 1131 0.7
1734 1735 0.75
595 2596 0.68
2597 2182 0.61
2598 212 0.78
2598 2599 0.59
2598 1841 0.59
2598 976 0.78
2598 298 0.59
2598 1539 0.62
2598 1717 0.61
2598 2542 0.79
2598 1989 0.62
2598 2495 0.59
2600 69 0.68
2600 70 0.7
2600 72 0.7
2601 2057 0.62
2601 257 0.61
2602 569 0.7
2602 2103 0.68
939 821 0.86
1737 93 0.36
1737 579 0.36
1737 1211 0.35
1737 2603 0.35
1737 2604 0.35
1737 2605 0.36
2606 2536 0.62
2606 212 0.61
2606 298 0.76
2606 2542 0.61
2606 2495 0.77
1402 550 0.69
1402 2607 0.68
27 1165 0.48
1183 472 0.62
1183 116 0.78
1183 155 0.78
1183 1022 0.59
1183 61 0.62
1772 1302 0.7
2608 2088 0.77
2608 1542 0.77
2608 2072 0.59
2609 97 0.63
1146 1147 0.83
2610 517 0.62
436 554 0.64
368 2611 0.68
1822 106 0.8
2612 1753 0.59
2612 173 0.77
419 485 0.77
419 654 0.63
419 486 0.77
419 487 0.77
419 61 0.77
419 2613 0.64
1291 199 0.69
1291 2074 0.69
86 1244 0.64
86 87 0.77
1127 500 0.77
1127 503 0.77
2614 203 0.64
1791 2615 0.77
1791 298 0.75
1791 517 0.64
945 537 0.64
2616 350 0.78
2616 455 0.78
1807 162 0.75
1807 38 0.77
1807 2495 0.61
1435 914 0.68
1435 915 0.68
1435 1436 0.92
823 1632 0.68
823 2569 0.69
823 1340 0.69
1850 351 0.41
1657 1265 0.68
1882 1472 0.36
1882 1476 0.67
1882 1477 0.37
596 1419 0.49
1396 2617 0.61
1396 219 0.62
1396 2618 0.77
1396 2469 0.79
964 171 0.61
964 963 0.61
964 2525 0.64
2583 377 0.75
2583 2491 0.61
1091 699 0.6
378 654 0.64
378 2619 0.61
378 1258 0.77
1953 2620 0.41
1957 195 0.7
1957 1908 0.7
1957 38 0.7
2621 946 0.64
2622 2623 0.59
1191 227 0.68
1191 235 0.68
1191 2624 0.68
1191 447 0.68
1191 237 0.92
1191 239 0.68
2217 976 0.78
2217 895 0.78
2217 652 0.62
2625 2626 0.77
28 3 0.57
28 1026 0.59
28 879 0.77
28 555 0.59
28 1998 0.59
28 156 0.75
2627 2511 0.61
2627 156 0.61
380 38 0.64
1092 699 0.6
1436 914 0.75
1436 915 0.77
1436 1437 0.61
2628 1091 0.7
357 271 0.76
357 692 0.78
357 1217 0.62
357 697 0.59
580 1211 0.68
2629 2630 0.35
2629 2527 0.35
826 2631 0.78
2502 2495 0.61
965 2632 0.64
965 963 0.77
1672 979 0.7
1672 1419 0.86
2633 1033 0.77
2633 624 0.77
2633 626 0.61
482 2325 0.32
941 134 0.7
941 1211 0.68
2634 253 0.77
2635 2515 0.9
537 150 0.36
2636 264 0.78
1242 1240 0.34
1242 323 0.33
1242 1269 0.4
1242 1155 0.32
1171 2637 0.7
29 879 0.69
2638 1732 0.77
359 1602 0.68
2639 106 0.77
2639 107 0.91
550 2255 0.87
51 1264 0.64
51 1455 0.64
51 2569 0.64
51 2640 0.61
51 1243 0.74
51 492 0.64
51 538 0.95
51 1266 0.9
51 150 0.95
51 540 0.9
51 68 0.61
1329 2226 0.45
1558 460 0.68
1558 463 0.7
2469 2641 0.61
2469 2511 0.61
2469 2642 0.77
2643 250 0.64
2644 2645 0.61
836 55 0.35
836 135 0.37
2283 2646 0.61
1788 38 0.41
2647 2648 0.59
2649 2182 0.61
2649 537 0.63
2149 885 0.41
2650 44 0.64
1984 2561 0.61
582 53 0.36
582 2569 0.36
582 1211 0.67
463 953 0.28
327 2651 0.35
2652 74 0.76
859 2653 0.76
859 908 0.77
859 2192 0.76
1362 1873 0.64
921 549 0.77
921 551 0.76
921 2255 0.77
921 1614 0.61
1012 2654 0.61
1012 1013 0.96
2375 500 0.63
2215 2485 0.68
2215 44 0.7
2215 253 0.7
2215 51 0.87
2215 2497 0.7
2216 1265 0.77
2216 879 0.88
2216 2215 0.85
2216 2497 0.69
2243 61 0.77
1330 1328 0.68
2226 1328 0.68
2226 2102 0.7
1243 1477 0.69
1243 1479 0.69
1340 38 0.59
402 1866 0.61
402 808 0.95
402 809 0.77
402 688 0.63
402 943 0.88
402 412 0.63
402 810 0.77
1591 74 0.76
1636 2655 0.61
1636 2444 0.63
1636 537 0.64
1163 418 0.69
1163 2415 0.68
551 1440 0.7
2497 1440 0.7
38 411 0.46
1477 2182 0.57
1477 1475 0.57
1477 1905 0.77
1477 2175 0.57
2656 250 0.63
300 56 0.78
300 350 0.62
300 61 0.78
2281 55 0.68
2281 1495 0.7
1587 72 0.78
2657 260 0.69
1740 582 0.62
329 2089 0.76
329 326 0.76
329 418 0.77
329 2658 0.59
329 331 0.96
809 389 0.36
809 403 0.67
809 943 0.69
809 411 0.93
809 412 0.36
237 456 0.36
237 518 0.36
237 639 0.67
1478 1473 0.4
2659 55 0.68
2659 1495 0.69
1064 830 0.78
1064 55 0.91
1064 709 0.77
1064 293 0.77
1064 1394 0.91
1064 1016 0.77
1064 1061 0.57
1064 1674 0.57
1064 613 0.57
1064 97 0.79
1064 614 0.77
1064 615 0.59
1064 2149 0.59
1064 821 0.75
1064 98 0.77
1064 301 0.61
1064 441 0.57
1064 517 0.59
330 107 0.7
139 823 0.7
139 61 0.7
2660 1906 0.61
2660 2661 0.62
2660 130 0.62
2660 2343 0.59
2660 204 0.78
2660 2662 0.62
2660 116 0.62
2660 212 0.62
2660 1233 0.62
2660 848 0.76
2660 2663 0.62
2660 135 0.62
2660 1538 0.78
2660 71 0.61
2660 1950 0.62
2660 554 0.63
2660 801 0.78
2660 377 0.59
2660 436 0.62
2660 2664 0.59
2660 2583 0.62
2660 976 0.78
2660 1970 0.61
2660 1988 0.63
2660 895 0.78
2660 51 0.62
2660 298 0.59
2660 2527 0.59
2660 2172 0.62
2660 2542 0.62
2660 2397 0.62
2660 2665 0.78
2660 1238 0.76
2660 517 0.78
2660 1987 0.59
2666 2569 0.78
2667 2495 0.59
2338 2337 0.77
2338 2525 0.63
2338 2668 0.77
2338 862 0.61
869 55 0.61
869 2583 0.78
1507 2585 0.62
1507 2669 0.59
1507 1481 0.91
538 44 0.37
1750 1749 0.77
1750 183 0.61
1750 184 0.75
2670 2671 0.62
2670 492 0.62
2339 953 0.28
2672 2540 0.61
2672 291 0.64
2672 135 0.64
2672 44 0.65
2672 299 0.64
2673 55 0.61
2673 664 0.77
2673 582 0.64
2673 1211 0.77
2344 1952 0.68
1781 1577 0.77
1781 38 0.64
1781 1783 0.77
1812 895 0.64
2674 2020 0.77
2674 2527 0.61
2674 2675 0.61
2676 2677 0.77
2268 2579 0.79
2268 1419 0.78
688 2511 0.57
688 2678 0.76
688 411 0.95
688 412 0.61
688 810 0.95
2542 38 0.59
2352 537 0.36
2352 1012 0.36
2679 848 0.75
2679 582 0.64
1552 2657 0.62
432 2680 0.68
432 2681 0.68
432 2682 0.7
2366 438 0.69
2366 1504 0.67
1234 250 0.34
1234 410 0.4
885 1394 0.69
885 1917 0.69
885 579 0.69
885 2481 0.69
406 400 0.38
406 188 0.38
406 412 0.58
407 400 0.68
2683 2569 0.64
2684 1633 0.77
2685 2686 0.77
2685 2687 0.61
2688 436 0.64
2033 855 0.69
2689 1621 0.77
2690 203 0.62
2690 344 0.61
2691 758 0.64
2692 293 0.64
2692 133 0.77
2692 134 0.77
301 293 0.58
2693 716 0.78
778 252 0.68
257 298 0.68
2515 2585 0.64
2515 2514 0.77
2694 436 0.63
2695 298 0.61
2695 301 0.64
2695 2495 0.61
717 258 0.68
2696 265 0.61
2697 496 0.7
410 115 0.73
410 396 0.77
410 398 0.57
410 400 0.79
410 405 0.9
410 30 0.6
410 412 0.59
331 325 0.77
699 690 0.77
699 250 0.63
699 1093 0.75
699 301 0.64
2698 654 0.61
2698 1627 0.59
2698 65 0.62
2605 55 0.68
2605 2485 0.68
2605 137 0.7
2605 17 0.68
2605 133 0.7
2605 1211 0.68
2605 2423 0.68
2605 2495 0.68
728 537 0.64
728 208 0.77
728 727 0.77
2463 761 0.88
2463 1025 0.68
2463 2419 0.86
587 586 0.77
2475 2569 0.69
2475 298 0.68
1020 2495 0.68
411 2537 0.36
411 810 0.93
303 250 0.77
303 2699 0.77
303 2602 0.77
303 2700 0.77
303 2701 0.77
303 18 0.61
303 2103 0.75
303 2495 0.61
2702 1091 0.78
2702 699 0.79
2703 2704 0.61
2703 49 0.63
2263 1846 0.61
2263 611 0.75
2263 757 0.75
2263 155 0.64
2263 1038 0.63
2263 1123 0.63
2263 2705 0.61
2263 736 0.61
2263 2706 0.64
1013 1627 0.57
220 1197 0.69
1304 2494 0.63
1304 2707 0.61
412 405 0.77
